004	002
007	003
008	004
010	006
011	008
012	008
013	009
014	011
017	013
022	019
172	024
026	026
027	026
032	029
033	029
033	029
035	032
036	032
037	033
038	034
039	035
041	038
042	039
040	039
044	041
045	041
045	041
045	042
046	042
048	045
049	047
052	101
101	052
052	184
178	053
054	099
099	054
055	176
056	097
097	056
056	097
097	056
057	174
058	095
094	058
095	058
172	059
060	092
061	170
063	061
062	091
062	089
165	066
067	219
068	067
219	067
068	068
068	163
069	068
163	068
068	134
068	128
069	217
217	069
069	217
069	217
217	069
071	071
159	072
072	142
074	157
157	074
075	210
077	075
210	075
076	080
078	076
080	076
078	078
079	078
079	080
081	100
100	081
083	098
098	083
085	096
096	085
087	094
094	087
088	088
089	092
153	105
112	108
113	109
114	110
115	111
116	112
118	115
119	115
120	116
121	117
121	117
121	118
122	118
122	118
123	119
128	195
132	129
133	129
130	130
131	130
132	130
135	132
136	132
136	133
137	133
137	133
137	134
138	134
139	135
139	136
140	136
141	137
142	138
143	139
144	140
144	140
145	141
146	142
147	144
148	144
149	145
152	149
155	183
156	205
205	156
158	203
203	158
160	201
201	160
162	199
198	162
199	162
164	197
197	164
166	195
166	193
172	171
246	171
172	172
173	172
173	244
173	244
173	244
242	175
175	242
239	177
180	184
183	180
183	180
184	180
180	183
183	184
206	184
185	204
204	185
186	242
187	202
202	187
188	201
201	188
189	200
200	189
191	198
193	196
195	193
193	196
227	325
325	227
228	324
324	228
229	323
323	229
231	321
231	321
321	231
321	231
231	321
321	231
332	232
233	318
319	233
233	319
234	334
234	334
334	234
254	410
410	254
255	409
409	255
256	408
408	256
258	406
406	258
258	406
406	258
293	259
259	292
260	404
260	402
404	260
260	404
261	419
264	334
334	264
266	332
267	332
332	267
269	330
329	269
330	269
273	271
276	272
277	273
278	274
279	275
280	276
281	277
281	277
306	277
307	277
282	278
283	279
283	279
285	281
286	282
287	284
288	284
289	285
294	291
295	291
292	292
296	292
297	293
298	294
299	295
299	296
300	296
301	297
302	298
303	300
304	300
300	304
305	301
306	302
307	303
308	304
311	304
306	307
311	308
345	310
312	312
312	343
313	312
343	312
312	345
313	407
407	313
313	341
314	341
341	314
315	405
405	315
316	339
339	316
317	403
402	318
403	318
320	400
400	320
322	398
398	322
345	324
397	324
385	324
325	325
326	325
325	326
326	344
329	326
329	327
330	329
344	329
331	342
342	331
333	340
340	333
335	338
338	335
337	337
430	345
397	345
345	430
419	349
351	417
352	417
417	352
354	415
414	354
415	354
413	354
360	355
359	356
360	357
361	357
362	358
362	359
363	359
364	360
365	361
361	365
366	362
367	363
368	364
369	366
370	366
371	367
371	368
372	369
373	369
374	370
379	376
380	376
381	377
382	378
383	379
384	380
384	381
385	381
386	382
387	383
388	384
389	385
385	396
390	386
391	387
392	388
396	389
396	393
397	395
430	395
397	397
397	428
398	397
428	397
397	430
398	426
399	426
426	399
401	424
424	401
410	410
411	410
410	411
411	429
414	411
429	411
414	412
415	414
429	414
416	427
427	416
418	425
425	418
420	423
423	420
