004	002
007	003
008	004
010	006
011	008
012	008
013	009
014	011
017	013
022	019
026	026
027	026
032	029
033	029
033	029
035	032
036	032
037	033
038	034
039	035
041	038
042	039
040	039
044	041
045	041
045	041
045	042
046	042
048	045
049	047
052	101
101	052
054	099
099	054
056	097
097	056
056	097
097	056
058	095
094	058
095	058
060	092
063	061
062	091
062	089
068	067
068	068
069	068
071	071
077	075
076	080
078	076
080	076
078	078
079	078
079	080
081	100
100	081
083	098
098	083
085	096
096	085
087	094
094	087
088	088
089	092
