005	001
005	002
006	002
007	003
008	004
008	004
009	005
010	006
006	010
085	006
011	007
011	008
036	008
012	009
013	009
014	010
013	096
017	014
016	014
016	014
019	023
021	019
021	019
023	021
028	024
027	024
029	025
030	026
026	174
031	027
032	028
033	029
034	030
035	031
036	032
037	033
038	034
039	035
040	036
040	036
041	037
046	041
043	041
045	103
103	045
046	178
178	046
178	046
047	101
101	047
048	176
176	048
049	099
099	049
050	174
174	050
051	097
097	051
051	155
155	051
051	173
052	172
172	052
053	095
095	053
054	170
170	054
055	093
056	168
168	056
062	059
060	093
063	060
061	061
066	158
158	066
066	158
086	067
068	156
156	068
069	153
069	155
099	069
070	154
154	070
130	070
072	152
152	072
074	150
150	074
074	150
075	080
079	077
080	077
104	080
081	102
102	081
083	100
100	083
099	084
085	098
098	085
087	096
095	087
096	087
089	094
092	089
094	089
092	089
093	090
109	105
110	106
111	107
112	108
112	108
113	109
114	110
189	110
115	111
115	112
140	112
116	113
117	113
118	114
119	116
117	200
123	125
127	125
132	128
131	128
133	129
134	130
135	131
136	132
137	133
138	134
139	135
140	136
141	137
142	138
142	139
143	139
145	141
150	145
147	145
149	207
207	149
151	205
205	151
153	203
203	153
155	201
201	155
157	199
199	157
158	160
159	197
197	166
179	184
184	181
208	184
185	206
206	185
187	204
204	187
203	188
189	202
202	189
190	192
191	200
200	191
193	198
196	193
197	193
198	193
196	193
208	208
