007	003
008	004
009	005
009	006
010	006
010	006
011	007
012	008
013	009
009	013
014	010
014	011
015	011
016	012
017	013
017	013
018	014
018	014
018	015
019	015
020	016
022	019
089	022
025	023
024	091
024	172
172	024
028	025
029	025
029	026
032	028
032	029
033	029
172	030
035	031
031	035
036	032
037	033
038	034
039	035
040	036
040	036
041	037
042	038
042	038
043	039
044	040
045	041
045	041
045	042
048	046
051	079
052	101
101	052
052	184
053	178
178	053
054	099
099	054
055	176
176	055
056	097
097	056
057	174
174	057
058	095
095	058
059	172
172	059
060	093
093	060
061	170
170	061
062	091
062	088
062	089
066	165
165	066
068	163
163	068
068	134
070	161
161	070
072	159
159	072
074	157
157	074
075	077
076	080
079	076
080	076
078	076
079	076
079	080
102	080
156	080
081	100
100	081
083	098
098	083
084	097
097	084
085	096
096	085
087	094
094	087
089	092
092	089
153	105
106	155
110	107
111	107
112	108
113	109
113	110
114	110
114	110
115	111
116	112
117	113
118	114
119	115
120	116
120	117
121	117
121	117
122	118
122	118
123	119
124	120
191	120
129	127
128	195
132	129
133	129
136	132
136	133
137	133
137	133
137	134
138	134
139	135
139	136
140	136
141	137
142	138
143	139
144	140
144	140
145	141
146	142
146	142
146	143
147	143
148	144
149	145
149	145
149	146
150	146
150	147
152	149
155	153
207	154
155	183
156	205
205	156
158	203
203	158
160	201
201	160
162	199
199	162
164	197
197	164
166	195
179	181
180	184
183	180
184	180
182	180
183	180
206	184
185	204
204	185
187	202
202	187
188	201
201	188
189	200
200	189
191	198
198	191
193	196
195	193
196	193
