003	073
073	003
005	071
069	008
014	009
014	010
015	011
016	012
017	013
018	014
019	015
020	016
021	017
022	018
023	019
024	020
025	021
026	022
027	023
028	024
029	024
029	025
034	030
035	031
036	032
036	033
037	033
038	034
039	035
040	036
037	037
037	037
041	037
037	041
042	038
043	039
044	040
045	041
046	042
047	043
050	043
050	047
049	084
084	049
051	051
051	082
082	051
052	146
146	052
053	080
080	053
054	144
144	054
055	078
078	055
057	178
057	179
058	178
178	058
059	139
060	059
139	059
060	176
176	060
061	137
137	061
062	174
174	062
124	063
064	064
064	172
064	064
172	064
064	172
064	172
068	065
066	065
171	065
068	068
070	081
081	070
072	079
079	072
074	077
077	074
088	158
158	088
090	156
091	156
153	093
154	093
099	094
099	095
100	096
101	097
102	098
103	099
104	100
105	101
106	102
107	103
108	104
109	105
110	106
111	107
111	108
112	108
113	109
114	109
114	110
119	115
117	116
121	118
122	118
122	118
122	119
123	119
124	120
125	121
122	122
126	122
127	123
128	124
129	125
130	126
130	126
131	127
132	127
168	131
135	132
134	169
169	134
136	136
136	167
167	136
136	169
138	165
165	138
140	163
163	140
143	187
187	143
145	185
185	145
146	182
147	183
183	147
149	149
149	181
149	149
181	149
149	181
149	181
153	150
153	152
153	152
153	153
155	166
166	155
157	164
164	157
159	162
162	159
