075	001
003	073
073	003
005	071
006	005
006	071
071	006
008	069
068	008
069	008
014	009
013	010
014	010
015	011
016	012
017	013
018	014
018	015
019	015
020	016
021	017
022	018
022	018
023	019
024	020
025	021
026	022
027	023
027	024
028	024
033	030
034	030
031	031
035	031
036	032
037	033
037	034
038	034
039	035
040	036
037	037
041	037
042	038
043	039
039	043
044	040
045	041
046	042
047	042
050	043
050	047
084	049
051	051
051	082
082	051
051	084
051	169
052	146
146	052
053	080
080	053
054	144
144	054
055	078
078	055
057	057
059	139
139	059
061	137
137	061
064	064
064	065
065	083
068	066
068	068
083	068
070	081
081	070
072	079
079	072
074	077
077	074
160	086
088	158
158	088
090	156
091	156
156	091
093	154
153	093
154	093
099	094
098	095
099	095
100	096
097	096
101	097
102	098
102	099
103	099
103	100
104	100
105	101
106	102
107	103
108	104
109	105
110	106
111	107
112	108
113	109
118	115
119	115
120	116
121	117
117	118
122	118
122	119
123	119
124	120
125	121
122	122
126	122
127	123
128	124
129	125
130	126
131	127
135	132
168	132
168	133
169	134
136	136
136	167
167	136
138	165
165	138
140	163
163	140
141	161
169	148
149	149
149	150
150	168
153	151
153	153
168	153
155	166
166	155
157	164
164	157
159	162
162	159
