005	001
005	001
005	002
006	002
007	003
003	078
008	004
009	005
010	006
011	007
012	008
012	008
013	009
013	009
014	010
015	011
082	011
034	013
017	014
084	017
019	086
160	019
023	020
024	020
021	021
021	021
022	021
027	023
028	024
028	024
029	025
160	025
030	026
030	026
031	027
032	028
033	029
034	030
035	031
035	031
036	032
037	033
037	033
038	034
039	035
039	036
040	036
040	036
041	037
042	039
043	040
046	044
047	096
096	047
047	172
047	194
048	166
166	048
049	094
094	049
050	164
164	050
051	092
092	051
052	162
162	052
053	090
089	053
090	053
054	160
160	054
055	088
088	055
056	158
158	056
057	086
057	083
057	084
155	058
058	155
061	153
153	061
063	063
063	151
064	063
151	063
063	122
063	116
065	149
149	065
067	147
147	067
069	145
145	069
071	075
074	071
075	071
073	071
074	075
097	075
144	075
076	095
095	076
078	093
093	078
079	092
092	079
080	091
091	080
082	089
089	082
084	087
086	084
087	084
144	097
102	098
102	098
102	099
103	099
104	100
100	175
105	101
106	102
107	103
108	104
109	105
109	105
110	106
110	106
111	107
112	108
179	108
131	110
114	111
181	114
116	183
120	117
121	117
118	118
118	118
119	118
124	120
125	121
125	121
126	122
127	123
127	123
128	124
129	125
130	126
131	127
132	128
132	128
133	129
134	130
134	130
135	131
136	132
136	133
137	133
137	133
138	134
139	136
140	137
143	141
144	193
193	144
146	191
191	146
148	189
189	148
150	187
186	150
187	150
152	185
185	152
154	183
154	180
154	181
160	160
161	160
168	172
171	168
172	168
170	168
171	172
194	172
173	192
192	173
175	190
190	175
176	189
189	176
177	188
188	177
179	186
186	179
181	184
183	181
184	181
