005	001
006	003
007	003
008	004
009	006
012	008
017	014
160	019
021	021
022	021
027	024
028	024
028	024
030	027
031	027
032	028
033	029
034	030
036	033
037	034
035	034
039	036
040	036
040	036
040	037
041	037
043	040
044	042
047	096
096	047
047	172
166	048
049	094
094	049
050	164
051	092
092	051
051	092
092	051
052	162
053	090
089	053
090	053
160	054
055	087
056	158
058	056
057	086
057	084
153	061
062	206
063	062
206	062
063	063
063	151
064	063
151	063
063	122
063	116
064	204
204	064
064	204
064	204
204	064
066	066
147	067
067	130
069	145
145	069
070	197
072	070
197	070
071	075
073	071
075	071
073	073
074	073
074	075
076	095
095	076
078	093
093	078
080	091
091	080
082	089
089	082
083	083
084	087
102	098
103	099
104	100
106	103
107	103
108	104
109	105
109	105
109	106
110	106
110	106
111	107
116	183
120	117
121	117
118	118
119	118
120	118
123	120
124	120
124	121
125	121
125	121
125	122
126	122
127	123
127	124
128	124
129	125
130	126
131	127
132	128
132	128
133	129
134	130
135	132
136	132
137	133
140	137
143	171
144	193
193	144
146	191
191	146
148	189
189	148
150	187
186	150
187	150
152	185
185	152
154	183
154	181
160	159
220	159
160	160
161	160
161	218
161	218
161	218
216	163
163	216
213	165
168	172
171	168
171	168
172	168
168	171
171	172
194	172
173	192
192	173
174	216
175	190
190	175
176	189
189	176
177	188
188	177
179	186
181	184
181	184
183	181
