002	072
072	002
004	070
005	070
070	005
006	005
007	068
067	007
068	007
066	007
066	007
013	008
013	009
012	009
014	010
015	011
016	012
017	013
018	014
014	018
019	015
044	015
045	015
020	016
021	017
021	017
022	018
023	019
024	020
025	021
026	022
036	022
027	023
032	029
033	029
030	030
034	030
031	183
035	031
031	032
036	032
037	033
038	034
039	035
040	036
041	037
042	038
038	042
038	049
038	145
043	039
044	040
045	041
046	042
049	042
049	046
083	048
050	049
050	050
050	081
051	050
081	050
050	083
051	143
143	051
051	079
052	079
079	052
053	141
141	053
054	077
077	054
055	139
056	139
139	056
056	139
057	175
175	057
175	057
058	136
136	058
059	173
173	059
059	173
173	059
060	134
134	060
061	171
171	061
121	062
062	170
170	062
063	063
063	169
063	063
064	063
169	063
063	064
064	082
067	064
082	064
065	167
067	065
065	167
067	067
068	067
082	067
069	080
080	069
070	174
071	078
078	071
073	076
076	073
133	083
083	166
166	083
085	155
155	085
087	153
088	153
153	088
090	151
150	090
151	090
096	091
096	092
095	092
097	093
094	094
098	094
099	095
100	096
101	097
097	101
102	098
128	098
103	099
104	100
104	100
105	101
106	102
107	103
108	105
109	105
119	105
110	106
115	112
116	112
113	113
117	113
174	113
114	174
118	114
119	115
120	116
121	117
122	118
123	119
124	120
125	121
121	125
121	132
126	122
127	123
128	124
132	125
165	128
132	129
166	131
133	132
133	133
133	164
134	133
164	133
133	166
134	162
135	162
162	135
137	160
160	137
140	184
184	140
184	140
142	182
182	142
142	182
182	142
144	180
180	144
145	179
179	145
146	146
146	178
146	146
147	146
178	146
146	147
147	165
150	147
148	176
150	148
150	150
151	150
165	150
152	163
163	152
154	161
161	154
156	159
159	156
183	184
