003	073
073	003
005	071
006	071
071	006
008	069
068	008
069	008
012	010
015	011
016	012
017	013
018	014
019	015
020	016
020	016
045	016
046	016
021	017
022	018
022	018
024	020
025	021
026	023
027	023
028	024
033	030
034	030
031	031
035	031
036	032
037	033
038	034
038	035
039	035
040	036
041	037
042	039
043	039
039	043
044	040
045	041
046	042
047	043
050	043
045	046
050	047
084	049
051	051
051	082
052	051
082	051
051	084
052	146
146	052
052	080
053	080
080	053
054	144
144	054
055	078
078	055
056	142
141	057
142	057
059	139
139	059
061	137
137	061
084	063
136	063
124	063
064	064
065	064
064	065
065	083
068	065
068	066
069	068
083	068
070	081
081	070
072	079
079	072
074	077
077	074
076	076
169	084
136	084
084	169
158	088
090	156
091	156
156	091
093	154
153	093
154	093
152	093
099	094
098	095
099	096
100	096
101	097
101	098
102	098
103	099
104	100
100	104
105	101
106	102
107	103
108	105
109	105
110	106
110	107
111	108
112	108
113	109
118	115
119	115
120	116
121	117
122	118
123	119
123	120
124	120
125	121
126	122
127	123
128	124
124	135
129	125
130	126
131	127
135	128
135	132
136	134
169	134
136	136
136	167
137	136
167	136
136	169
137	165
138	165
165	138
140	163
163	140
149	149
150	149
149	150
150	168
153	150
168	150
153	151
154	153
168	153
155	166
166	155
157	164
164	157
159	162
162	159
