004	002
007	003
008	004
010	006
011	008
012	008
013	009
014	011
017	013
022	019
024	172
172	024
032	029
033	029
033	029
030	172
035	032
036	032
037	033
038	034
039	035
041	038
042	039
040	039
044	041
045	041
045	041
045	042
046	042
048	045
049	047
052	101
101	052
052	184
178	053
054	099
099	054
055	176
056	097
097	056
056	097
097	056
057	174
058	095
094	058
095	058
172	059
060	092
061	170
063	061
062	091
062	089
165	066
163	068
068	134
068	128
128	068
071	071
159	072
072	142
074	157
157	074
077	075
076	080
078	076
080	076
078	078
079	078
079	080
081	100
100	081
083	098
098	083
085	096
096	085
087	094
094	087
088	088
089	092
153	105
112	108
113	109
114	110
115	111
116	112
118	115
119	115
120	116
121	117
121	117
121	118
122	118
122	118
123	119
128	195
132	129
133	129
135	132
136	132
136	133
137	133
137	133
137	134
138	134
139	135
139	136
140	136
141	137
142	138
143	139
144	140
144	140
145	141
146	142
147	144
148	144
149	145
152	149
155	183
156	205
205	156
158	203
203	158
160	201
201	160
162	199
198	162
199	162
164	197
197	164
166	195
166	193
180	184
183	180
183	180
184	180
180	183
183	184
206	184
185	204
204	185
187	202
202	187
188	201
201	188
189	200
200	189
191	198
193	196
195	193
193	196
