075	001
003	073
073	003
005	071
005	177
006	071
071	006
008	069
068	008
069	008
067	008
067	008
014	009
014	010
013	010
015	011
016	012
017	013
018	014
019	015
015	019
020	016
045	016
046	016
021	017
022	018
022	018
023	019
024	020
025	021
026	022
027	023
037	023
027	024
028	024
033	030
034	030
035	031
184	031
032	184
036	032
037	033
038	034
039	035
040	036
041	037
042	038
043	039
039	043
039	050
039	148
044	040
040	146
045	041
046	042
047	043
050	043
083	046
050	047
083	047
084	049
051	050
051	051
051	082
052	051
082	051
051	084
051	169
052	146
146	052
052	080
053	080
080	053
054	144
144	054
055	078
078	055
056	142
057	142
142	057
141	057
058	176
176	058
176	058
059	139
139	059
060	174
174	060
060	174
174	060
061	137
137	061
062	172
172	062
124	063
063	171
064	064
064	171
064	064
065	064
064	065
065	083
068	065
068	066
068	068
069	068
083	068
070	081
081	070
072	079
079	072
177	073
074	077
077	074
169	084
136	084
084	169
160	086
088	158
158	088
090	156
091	156
156	091
093	154
153	093
154	093
152	093
099	094
099	095
098	095
100	096
101	097
102	098
103	099
104	100
100	104
105	101
130	101
131	101
106	102
107	103
107	103
108	104
109	105
110	106
111	107
112	108
112	109
113	109
118	115
119	115
120	116
175	116
117	175
121	117
122	118
123	119
124	120
125	121
126	122
127	123
128	124
124	128
124	135
129	125
130	126
130	126
131	127
132	128
135	128
135	132
169	134
136	135
136	136
136	167
137	136
167	136
136	169
137	165
138	165
165	138
140	163
163	140
143	185
185	143
185	143
145	183
183	145
145	183
183	145
147	181
181	147
148	180
149	149
149	180
149	149
150	149
149	150
150	168
153	150
168	150
170	150
153	151
153	153
154	153
168	153
155	166
166	155
157	164
164	157
186	158
159	162
162	159
171	171
171	171
171	171
172	171
175	176
180	180
180	180
180	180
181	180
184	185
