model_5vky.B99990001.pdb      1626.49683     -823.52057        1.00000
model_5vky.B99990002.pdb      1627.21021     -897.82056        1.00000
model_5vky.B99990003.pdb      1599.76855     -746.66736        1.00000
model_5vky.B99990004.pdb      1635.89453    -1027.52673        1.00000
model_5vky.B99990005.pdb      1600.29163    -1045.26355        1.00000
model_5vky.B99990006.pdb      1623.85669     -830.93719        1.00000
model_5vky.B99990007.pdb      1624.01599     -990.65698        1.00000
model_5vky.B99990008.pdb      1602.98840     -943.55139        1.00000
model_5vky.B99990009.pdb      1610.86523     -962.11224        1.00000
model_5vky.B99990010.pdb      1623.15088    -1018.87225        1.00000
model_5vky.B99990011.pdb      1588.16260    -1047.87769        1.00000
model_5vky.B99990012.pdb      1630.48071    -1038.16345        1.00000
model_5vky.B99990013.pdb      1600.35291     -992.03125        1.00000
model_5vky.B99990014.pdb      1615.52869     -925.57428        1.00000
model_5vky.B99990015.pdb      1629.89587    -1011.93341        1.00000
model_5vky.B99990016.pdb      1604.57837     -946.61975        1.00000
model_5vky.B99990017.pdb      1652.00476     -976.05969        1.00000
model_5vky.B99990018.pdb      1632.76440     -965.83734        1.00000
model_5vky.B99990019.pdb      1615.79370     -864.31696        1.00000
model_5vky.B99990020.pdb      1592.03540     -824.54590        1.00000
model_5vky.B99990021.pdb      1608.90186    -1013.39240        1.00000
model_5vky.B99990022.pdb      1624.82629     -960.98212        1.00000
model_5vky.B99990023.pdb      1601.33044     -948.11182        1.00000
model_5vky.B99990024.pdb      1614.62427    -1085.72314        1.00000
model_5vky.B99990025.pdb      1586.15857     -967.78009        1.00000
model_5vky.B99990026.pdb      1633.40137     -957.06476        1.00000
model_5vky.B99990027.pdb      1620.44019     -785.01752        1.00000
model_5vky.B99990028.pdb      1591.36877    -1004.82477        1.00000
model_5vky.B99990029.pdb      1592.74377     -935.26849        1.00000
model_5vky.B99990030.pdb      1613.84131     -924.93494        1.00000
model_5vky.B99990031.pdb      1583.49988     -942.27106        1.00000
model_5vky.B99990032.pdb      1609.83264     -912.95013        1.00000
model_5vky.B99990033.pdb      1639.02515     -970.26178        1.00000
model_5vky.B99990034.pdb      1581.50500    -1032.18860        1.00000
model_5vky.B99990035.pdb      1617.04578     -934.99426        1.00000
model_5vky.B99990036.pdb      1587.00818    -1016.46149        1.00000
model_5vky.B99990037.pdb      1588.46960     -940.78589        1.00000
model_5vky.B99990038.pdb      1621.24841     -889.38568        1.00000
model_5vky.B99990039.pdb      1639.34692     -809.57196        1.00000
model_5vky.B99990040.pdb      1593.70129    -1031.02710        1.00000
model_5vky.B99990041.pdb      1634.36597     -923.39642        1.00000
model_5vky.B99990042.pdb      1604.10315     -908.24689        1.00000
model_5vky.B99990043.pdb      1627.48035     -976.16809        1.00000
model_5vky.B99990044.pdb      1599.94592     -996.47791        1.00000
model_5vky.B99990045.pdb      1604.95886    -1009.01111        1.00000
model_5vky.B99990046.pdb      1610.18079     -956.56451        1.00000
model_5vky.B99990047.pdb      1614.86328     -931.43811        1.00000
model_5vky.B99990048.pdb      1626.68970     -855.58368        1.00000
model_5vky.B99990049.pdb      1628.75000    -1019.55701        1.00000
model_5vky.B99990050.pdb      1613.16248     -905.28546        1.00000
