   7.0050703547039905E-003
   8.7973307182685999E-003
   1.5835192199938064E-002
   1.9973096472175988E-002
   2.1424571675424359E-002
   2.6252307806667152E-002
   2.7093712504791683E-002
   2.8726718845222897E-002
   3.1090597996873637E-002
   3.2747334313672320E-002
   3.3590389519557944E-002
   3.5660109822668908E-002
   3.6359287255958758E-002
   3.7492044178969647E-002
   3.8689303646890272E-002
   3.9985553863581220E-002
   4.1014624489399111E-002
   4.3297424102250924E-002
   4.3367620877066464E-002
   4.5219468272323010E-002
   4.5815431764363777E-002
   4.7183950228762844E-002
   4.7990903535351542E-002
   4.8174532034344554E-002
   4.8990496925702454E-002
   4.9705634971299560E-002
   5.0658403945759170E-002
   5.1102495498268084E-002
   5.1734941855408910E-002
   5.2936625019784599E-002
   5.4307176077084095E-002
   5.5881524381011793E-002
   5.6751076928859584E-002
   5.7249795624259123E-002
   5.8503284532181399E-002
   5.8871231542595485E-002
   5.9875737783159369E-002
   6.1293019735015594E-002
   6.1589948880945530E-002
   6.2099041227442524E-002
   6.3024660909588637E-002
   6.4404142926185029E-002
   6.6212664772841989E-002
   6.6570845214216468E-002
   6.7297610102813835E-002
   6.8033531408005374E-002
   6.8298553245386917E-002
   6.9145315453913558E-002
   7.0798510525711039E-002
   7.1386071636635975E-002
   7.1947544015292825E-002
   7.2723192480265847E-002
   7.3706044945765214E-002
   7.4503559609510592E-002
   7.5461581265692343E-002
   7.5919118497967855E-002
   7.6821197633862012E-002
   7.7438054927711233E-002
   7.8232909419466964E-002
   7.8551827356847168E-002
   7.9569417267370712E-002
   7.9985527612483051E-002
   8.0581496490073720E-002
   8.0791874842119735E-002
   8.1549633828367621E-002
   8.1742775270330290E-002
   8.2346121480894832E-002
   8.2463880997982394E-002
   8.3030783865218782E-002
   8.3441672133287334E-002
   8.3650616793141411E-002
   8.4315544685987412E-002
   8.5021639110458250E-002
   8.5616415552367778E-002
   8.6380290300072118E-002
   8.6833837729323349E-002
   8.7193376066167477E-002
   8.7848832622726067E-002
   8.8760008512904498E-002
   8.9097104324883894E-002
   8.9190412690445017E-002
   8.9482428420807961E-002
   9.0191371535180212E-002
   9.0840679544936881E-002
   9.1449571907069455E-002
   9.2309393686947447E-002
   9.2878966059533760E-002
   9.3023208138840185E-002
   9.3307458919722239E-002
   9.3643356033529593E-002
   9.3993829849659302E-002
   9.4796924619091394E-002
   9.5322958171539879E-002
   9.5469374609422702E-002
   9.5802073027088402E-002
   9.6211667727837069E-002
   9.6639050477080615E-002
   9.7198419958605523E-002
   9.7665170522919148E-002
   9.8020159122324244E-002
   9.8261255139979478E-002
   9.8415200689135826E-002
   9.9171350950436984E-002
   9.9329730263525512E-002
  0.10001632822277363     
  0.10045867709790479     
  0.10108154053014744     
  0.10152574893425882     
  0.10213274572101835     
  0.10231169276064563     
  0.10287635286440906     
  0.10325614033160356     
  0.10372822063152670     
  0.10387692320817060     
  0.10442891756190290     
  0.10456581921092539     
  0.10529177200067420     
  0.10654270486529673     
  0.10670139290161972     
  0.10722469857745066     
  0.10767534845282498     
  0.10822854503920802     
  0.10911233465418230     
  0.10940315051130556     
  0.10972220383266214     
  0.11030020969946680     
  0.11087963394587583     
  0.11121706719767936     
  0.11152138962190247     
  0.11214647017700489     
  0.11258808706916192     
  0.11269635998597104     
  0.11329250913788305     
  0.11353624032912682     
  0.11395650503455471     
  0.11443945108263393     
  0.11506085522872329     
  0.11540724724602502     
  0.11576717723488748     
  0.11599217489531032     
  0.11694881591238609     
  0.11729811377768201     
  0.11798895135999606     
  0.11800144375870721     
  0.11886943307069930     
  0.11929942806022290     
  0.11952099169408595     
  0.12041025810097108     
  0.12085641818835600     
  0.12136729111339668     
  0.12142620197297223     
  0.12175339264025914     
  0.12212389209524159     
  0.12279435271747899     
  0.12337951328335776     
  0.12374964259107270     
  0.12403956241076695     
  0.12463937681239930     
  0.12501532382720490     
  0.12526854723539038     
  0.12584891191329811     
  0.12623779759169479     
  0.12630062067190972     
  0.12680660150904749     
  0.12707237086192966     
  0.12748529674466366     
  0.12775343911171641     
  0.12804794293852204     
  0.12835347092173427     
  0.12901271397608780     
  0.12931814694377866     
  0.12951420443991274     
  0.13003110057090786     
  0.13061304515603045     
  0.13078312561706174     
  0.13116736550322958     
  0.13159910741957673     
  0.13196261031628365     
  0.13218402482612152     
  0.13225441743578439     
  0.13250677268757755     
  0.13259906827577927     
  0.13327973127460679     
  0.13346453103866898     
  0.13408485973159287     
  0.13423245835439696     
  0.13438961442715130     
  0.13448072725675606     
  0.13516986265397568     
  0.13522489224883064     
  0.13569899289369727     
  0.13625110405856838     
  0.13639605240886660     
  0.13662064645374861     
  0.13698766817689378     
  0.13715577030281526     
  0.13735635107867952     
  0.13769469514030586     
  0.13820760589665121     
  0.13866622403693885     
  0.13874933013141863     
  0.13907887500912730     
  0.13932246576072324     
  0.13964396557613562     
  0.13983478281440076     
  0.13991380365937575     
  0.14013099338944007     
  0.14060143783253021     
  0.14083626077978528     
  0.14100808674799861     
  0.14109230401216466     
  0.14130619018512547     
  0.14153666856459107     
  0.14183148913676666     
  0.14216101267514247     
  0.14258664437441904     
  0.14278020570960734     
  0.14316901424329309     
  0.14368440133253582     
  0.14372487311939919     
  0.14387173492371583     
  0.14407005220323502     
  0.14418248709142920     
  0.14450596850828520     
  0.14491327102842125     
  0.14519394755480819     
  0.14551875804609182     
  0.14575886679618108     
  0.14590170344003406     
  0.14598768961698785     
  0.14638310526841067     
  0.14647533786082259     
  0.14669353491592158     
  0.14719220821030449     
  0.14736590222090987     
  0.14740222729698993     
  0.14757878878016750     
  0.14791790796775683     
  0.14830984425133134     
  0.14848901093880418     
  0.14871958571328356     
  0.14894349556599362     
  0.14912001849635056     
  0.14916090458578704     
  0.14952421715708006     
  0.14959005517464882     
  0.14966856369259204     
  0.14981832585471544     
  0.14998626093749357     
  0.15037531695739181     
  0.15095416163385666     
  0.15129298682084641     
  0.15150734661340970     
  0.15177537866396931     
  0.15189301453591403     
  0.15200352933129890     
  0.15211531429923791     
  0.15234397806864181     
  0.15258896865403157     
  0.15286364496165045     
  0.15293475482110153     
  0.15336922040577952     
  0.15356229794227066     
  0.15412817881432925     
  0.15436220464136274     
  0.15463346952321402     
  0.15488438958025760     
  0.15507940394422742     
  0.15531550287723186     
  0.15602660026362788     
  0.15621531463566840     
  0.15627824794956294     
  0.15682302608753212     
  0.15688021378695924     
  0.15715866370674095     
  0.15735903459116371     
  0.15776375769413600     
  0.15780134683997635     
  0.15812497772010697     
  0.15821762853638696     
  0.15843930058447719     
  0.15898407932000250     
  0.15934194257486986     
  0.15939015553398539     
  0.15974038783526501     
  0.16001052770829272     
  0.16021425272636941     
  0.16053613094295524     
  0.16061247067614701     
  0.16096495620944243     
  0.16108655115180484     
  0.16126158946095207     
  0.16138556873425777     
  0.16165789878307160     
  0.16189405589291325     
  0.16197956165308466     
  0.16240386936385384     
  0.16289727527337711     
  0.16325150191844912     
  0.16352506051676738     
  0.16360479334896708     
  0.16367459077639743     
  0.16402601183617280     
  0.16426695233019156     
  0.16475758109354169     
  0.16504903139035493     
  0.16549279720917295     
  0.16556855963375725     
  0.16598601151415673     
  0.16601656014743665     
  0.16653011661856251     
  0.16678435215041187     
  0.16681442586089204     
  0.16708601719939425     
  0.16714610701446364     
  0.16754047496947319     
  0.16802350678927958     
  0.16811576132769324     
  0.16852380843651368     
  0.16864129347576476     
  0.16906115137220087     
  0.16948961033554477     
  0.16954376847247102     
  0.16975962057807009     
  0.16989362995341845     
  0.17003776127404363     
  0.17023120466447292     
  0.17038942822669731     
  0.17059123931047840     
  0.17101370400934679     
  0.17133527237233845     
  0.17156798830449868     
  0.17172594626543830     
  0.17188450219943646     
  0.17221962158515222     
  0.17252457066682905     
  0.17257538086900784     
  0.17289341136077954     
  0.17297329772706141     
  0.17358953382561518     
  0.17375185240325627     
  0.17408632465443846     
  0.17453140696076605     
  0.17463084240591431     
  0.17502823746058496     
  0.17518617840546594     
  0.17539246237346892     
  0.17554496551332963     
  0.17600962194578421     
  0.17658339222796832     
  0.17670402884341482     
  0.17690294861973466     
  0.17708005402604657     
  0.17741933657437778     
  0.17764267331337280     
  0.17799054285903770     
  0.17807006248615539     
  0.17847885496914323     
  0.17880696740515625     
  0.17884620878798568     
  0.17900314172445941     
  0.17920364205920986     
  0.17981693161653944     
  0.18012476861436949     
  0.18038197919598722     
  0.18051425913355981     
  0.18093201440630249     
  0.18109339552878032     
  0.18141287114893351     
  0.18153855389184595     
  0.18183529569955892     
  0.18189460558367343     
  0.18213865931047843     
  0.18250567284098687     
  0.18276194875505691     
  0.18303831658154859     
  0.18346946193152044     
  0.18400085098748520     
  0.18434661057530616     
  0.18475835357200682     
  0.18494042766978475     
  0.18513997255102574     
  0.18522472202449425     
  0.18595592670935943     
  0.18627404646709675     
  0.18673071989036075     
  0.18686999056500800     
  0.18705601498970698     
  0.18745633721283578     
  0.18799592206277360     
  0.18846788523880897     
  0.18857688345743168     
  0.18887623118075972     
  0.18902709659997249     
  0.18955392032166574     
  0.18980096938165308     
  0.19028823209631981     
  0.19067183645609187     
  0.19097780459859037     
  0.19133538654485019     
  0.19175695408497379     
  0.19202014528671474     
  0.19233134196775956     
  0.19270769813091118     
  0.19309201710896978     
  0.19328905215206466     
  0.19357072105246681     
  0.19401956669194453     
  0.19418500937571459     
  0.19456389927106005     
  0.19476532805628030     
  0.19524096327055956     
  0.19543826254121405     
  0.19572915825490611     
  0.19590495797297708     
  0.19646117345487887     
  0.19695971978586241     
  0.19723587121977953     
  0.19753789031480137     
  0.19784437682517445     
  0.19817883082388874     
  0.19846231220820529     
  0.19860924435856128     
  0.19884700376192571     
  0.19896155545439581     
  0.19958109790902337     
  0.19997501501016418     
  0.20017113463536804     
  0.20040776212097083     
  0.20099792847485728     
  0.20126099987870297     
  0.20171926991548514     
  0.20201416419551319     
  0.20242941601209524     
  0.20246800004587162     
  0.20308481054151431     
  0.20328408403974019     
  0.20350576735190762     
  0.20378129131549300     
  0.20392458381537473     
  0.20403411220444889     
  0.20489395387506024     
  0.20505422454238131     
  0.20567475732277693     
  0.20569432762055476     
  0.20605578688993534     
  0.20649086154682067     
  0.20708332557517684     
  0.20746218850111128     
  0.20775926333469072     
  0.20805016370675070     
  0.20836314563493194     
  0.20870959771952693     
  0.20878549808595590     
  0.20892833429476701     
  0.20951876775999095     
  0.21025447109985926     
  0.21039030981319257     
  0.21052465676965376     
  0.21114255656059006     
  0.21137354045425272     
  0.21158911773349154     
  0.21220743395402206     
  0.21239694230191017     
  0.21256023075923058     
  0.21316626789059265     
  0.21365973862309282     
  0.21426122008876378     
  0.21451293246918376     
  0.21502519538885262     
  0.21531337034128675     
  0.21574450300285222     
  0.21653515781746546     
  0.21684280491482005     
  0.21711400605750616     
  0.21742002172253436     
  0.21755913431520710     
  0.21807419530291169     
  0.21861009667623355     
  0.21915404211063363     
  0.21925202666377289     
  0.21972436989063684     
  0.22011569539553727     
  0.22129589272617078     
  0.22163988421342246     
  0.22190959102385943     
  0.22286292405980002     
  0.22316569159552258     
  0.22392361401326677     
  0.22408842323123143     
  0.22444156505681076     
  0.22499712161885121     
  0.22582772077948834     
  0.22658115817411784     
  0.22702866765016491     
  0.22756550954928942     
  0.22785905198312778     
  0.22855041989023384     
  0.22990738102599595     
  0.23007290014648532     
  0.23013015114845156     
  0.23092139280037213     
  0.23167122802262985     
  0.23176693028945497     
  0.23259810258777266     
  0.23278709311344739     
  0.23316806897529210     
  0.23378281318915300     
  0.23468855106355063     
  0.23495336152645227     
  0.23597824583909971     
  0.23633887898622669     
  0.23678668854851651     
  0.23758899805348543     
  0.23796246537899957     
  0.23916517324543618     
  0.23954817899326786     
  0.23999061266288521     
  0.24086953385545928     
  0.24175196910529909     
  0.24287436578205149     
  0.24485237541030061     
  0.24530137403529673     
  0.24576582354232890     
  0.24694636998771499     
  0.24809569288357836     
  0.24876967770569644     
  0.24962490796616096     
  0.25042312724700622     
  0.25077965253429207     
  0.25197434334646751     
  0.25320142445494048     
  0.25444430870573398     
  0.25482895208097267     
  0.25537511811461527     
  0.25556441207851832     
  0.25682445228104134     
  0.25897271245216924     
  0.26005126340440637     
  0.26117145312526818     
  0.26169160146867892     
  0.26246624969593724     
  0.26278302778333196     
  0.26385274064210318     
  0.26407578127233022     
  0.26515342886788096     
  0.26603317086470757     
  0.26626907410829725     
  0.26672618044202900     
  0.26678900523518800     
  0.26757044107736982     
  0.26866933913014318     
  0.26898191507298524     
  0.27001858304984322     
  0.27058123925163480     
  0.27084485990895885     
  0.27227382588611165     
  0.27247543718457262     
  0.27289382026028192     
  0.27433517453003692     
  0.27513691093154929     
  0.27553840048237488     
  0.27647021576605352     
  0.27676104750123737     
  0.27861979090823602     
  0.28058452436764214     
  0.28091596879054348     
  0.28290267298573862     
  0.28379654987811093     
  0.28467117730740127     
  0.28613839322394879     
  0.28637747987903794     
  0.28838895408885462     
  0.28859692039880763     
  0.28975186086410959     
  0.29066487690638682     
  0.29180481333853597     
  0.29424708689068330     
  0.29559773374619031     
  0.29665962019186431     
  0.29761285568377660     
  0.29862289851838725     
  0.29889169586792697     
  0.30127278678145669     
  0.30236972270418333     
  0.30367289246853602     
  0.30519349823854058     
  0.30702086797805905     
  0.30757357552457626     
  0.30815154725338412     
  0.31022600639395315     
  0.31213699721937166     
  0.31277017429951992     
  0.31434546468820057     
  0.31514382349378744     
  0.31596109148523649     
  0.31779564164596308     
  0.31950233306552867     
  0.32057684763730970     
  0.32510250233993981     
  0.32823951831193476     
  0.32927986444812446     
  0.33018569826159139     
  0.33421120334648502     
  0.33750476174106986     
  0.33865034406641481     
  0.34010731291109925     
  0.34768494865047805     
  0.36564676185908718     
  0.37495402079837115     
  0.38157678926210653     
  0.38576507286288747     
  0.39123203646483273     
  0.40921259867586057     
  0.43703751677538516     
