   8.6966062513077671E-003
   1.0204459708819174E-002
   1.8753597295533941E-002
   2.7428948075986948E-002
   3.0824550963489739E-002
   3.2042314590491817E-002
   3.3206137545148798E-002
   3.6847946563249856E-002
   3.8661627257633967E-002
   4.0072832491018208E-002
   4.1254463099328287E-002
   4.3208020091084369E-002
   4.3757875693068174E-002
   4.4456487129164439E-002
   4.5306966052688802E-002
   4.6516561228042409E-002
   4.6887996917988201E-002
   4.8852664074079920E-002
   4.9077480729800269E-002
   5.0214090731022537E-002
   5.0974183226965189E-002
   5.1724935288949024E-002
   5.2363706182408425E-002
   5.3559142116333218E-002
   5.5904037391343864E-002
   5.6787843481308144E-002
   5.7149928101658545E-002
   5.9190745659494504E-002
   6.0004886463351226E-002
   6.1300546608789093E-002
   6.3326475162358939E-002
   6.3836961290381175E-002
   6.4562111578218007E-002
   6.5315864594407608E-002
   6.6622290626927247E-002
   6.8037690847191759E-002
   6.8274763526434565E-002
   6.9115995703351724E-002
   7.0026850315622002E-002
   7.1078102918711458E-002
   7.1345388128844001E-002
   7.2187318203481177E-002
   7.3058697145974696E-002
   7.4139272634143841E-002
   7.4601988411975337E-002
   7.4937043080014046E-002
   7.5373755082797825E-002
   7.6001491531642110E-002
   7.6325189562808662E-002
   7.7852509173045439E-002
   7.8000031702276498E-002
   7.8923777827597408E-002
   8.0331515001168266E-002
   8.1334430269430186E-002
   8.2202897686563262E-002
   8.3074888905216304E-002
   8.3562763453327013E-002
   8.3911224340740359E-002
   8.4624872702279169E-002
   8.5318346919398519E-002
   8.5864840534555037E-002
   8.7383624742899235E-002
   8.8313049597168861E-002
   8.8993432427147218E-002
   8.9607967490188220E-002
   9.0689982038295633E-002
   9.1465223495246273E-002
   9.2739225087370147E-002
   9.3219538724436307E-002
   9.4296148628566362E-002
   9.4984299231919464E-002
   9.5173911557119101E-002
   9.5684999610138766E-002
   9.6113162954049480E-002
   9.6361012066428164E-002
   9.7303939399950384E-002
   9.7665932082330154E-002
   9.8570444001866653E-002
   9.9019793128812900E-002
   9.9235851513845938E-002
   9.9842465242491893E-002
   9.9980800166719161E-002
  0.10040762900933457     
  0.10076023221010633     
  0.10120215595703726     
  0.10144112712340461     
  0.10260619301247083     
  0.10312992687476845     
  0.10358434543232053     
  0.10379162394692566     
  0.10407906811594562     
  0.10443527830716720     
  0.10480469158366841     
  0.10520035196304757     
  0.10541431729040378     
  0.10601637511973372     
  0.10606795594541489     
  0.10680888280440134     
  0.10756790912233292     
  0.10807345317856223     
  0.10893229015360539     
  0.10947533886273399     
  0.10971399012785418     
  0.11007439899279042     
  0.11067299750502951     
  0.11106420976604400     
  0.11162747618258508     
  0.11212266452379123     
  0.11243684460813305     
  0.11303691755000979     
  0.11388975451385902     
  0.11405201587105102     
  0.11460746938529082     
  0.11487276642024351     
  0.11561283059110003     
  0.11616383716668525     
  0.11644194173360610     
  0.11679992175840487     
  0.11705957638692374     
  0.11789551847974858     
  0.11849934422156409     
  0.11861909400116073     
  0.11890995614854109     
  0.11959044468457265     
  0.12055300256602983     
  0.12077322586646876     
  0.12133320370481915     
  0.12199228905727083     
  0.12259688759468788     
  0.12306868419843987     
  0.12343745195024822     
  0.12477521196445654     
  0.12498193967348739     
  0.12542288353737954     
  0.12579607157173145     
  0.12618221463939927     
  0.12720819882208301     
  0.12778301066720521     
  0.12834884072588434     
  0.12850084472989731     
  0.12884389214266320     
  0.12956336351914532     
  0.12994634361774898     
  0.13023924169577217     
  0.13093248497739232     
  0.13167220096087673     
  0.13191739623208235     
  0.13251078455807086     
  0.13271798854098882     
  0.13366014658461570     
  0.13392982773831028     
  0.13464805446532260     
  0.13508667721151651     
  0.13516909730681032     
  0.13564005026957723     
  0.13602946489628032     
  0.13673370116581046     
  0.13746210564480763     
  0.13766691965858391     
  0.13805608368462674     
  0.13850160969925113     
  0.13886394653433370     
  0.13902833484604288     
  0.13931365433331439     
  0.14015434707202740     
  0.14024590109675697     
  0.14066794131491867     
  0.14082773995789488     
  0.14135701958342767     
  0.14180948686316708     
  0.14222491316226027     
  0.14250175249182290     
  0.14271187343541711     
  0.14320822993136367     
  0.14353299015918997     
  0.14372669591660428     
  0.14394434536631467     
  0.14443519580348860     
  0.14459077137421236     
  0.14542515989609947     
  0.14558308351099389     
  0.14597107464124340     
  0.14614852585744370     
  0.14624211758409264     
  0.14650169277219455     
  0.14676061296932424     
  0.14693398161082671     
  0.14726071889074044     
  0.14754547282578767     
  0.14774118434902328     
  0.14816263265515367     
  0.14829571849945702     
  0.14837221004867962     
  0.14857531882063091     
  0.14910732082953793     
  0.14945691076005299     
  0.14989543978825345     
  0.14993999380351963     
  0.15044481051774616     
  0.15101175401610267     
  0.15119615023283825     
  0.15151197082350840     
  0.15168722672265186     
  0.15216094326554830     
  0.15241257112289028     
  0.15249308140406251     
  0.15256467970196419     
  0.15296454782972996     
  0.15337526307825819     
  0.15348627478359217     
  0.15358963586666000     
  0.15415962243958389     
  0.15469731215400725     
  0.15507642209805447     
  0.15520910554406336     
  0.15535790144412384     
  0.15562076270533648     
  0.15599378483589041     
  0.15627152214946352     
  0.15673767156289081     
  0.15684525083393683     
  0.15737713401896916     
  0.15775573438348700     
  0.15811951606380570     
  0.15865363666755553     
  0.15898086905904357     
  0.15909726075749545     
  0.15950083964493120     
  0.15958889254609587     
  0.16004541412702672     
  0.16031864345003619     
  0.16055052384842416     
  0.16061454460814920     
  0.16092527705740431     
  0.16113212877327907     
  0.16143589274947451     
  0.16163305652323376     
  0.16177189712522827     
  0.16212857497205571     
  0.16244098812099364     
  0.16281100657125988     
  0.16319850530363270     
  0.16324118644262417     
  0.16368239406572058     
  0.16381985796995918     
  0.16393476092397161     
  0.16417595977886662     
  0.16422804181401807     
  0.16454919023346407     
  0.16475409955888742     
  0.16515242815202558     
  0.16534782751708829     
  0.16551759612208120     
  0.16600226551647410     
  0.16624229953898711     
  0.16639497837108660     
  0.16688470107707046     
  0.16723637328540117     
  0.16739354248435559     
  0.16754558132837588     
  0.16785988788144926     
  0.16822346857881701     
  0.16823937366474476     
  0.16849350256998574     
  0.16882519283287545     
  0.16901707574627725     
  0.16923422829464621     
  0.16958138345607107     
  0.16997788030186367     
  0.17015051288963626     
  0.17025470952774369     
  0.17043508097777627     
  0.17061121521193121     
  0.17084999105830373     
  0.17122136551717196     
  0.17150516230540611     
  0.17205057820086517     
  0.17212250553262518     
  0.17245864216924789     
  0.17265016572650549     
  0.17284842687577306     
  0.17296382597152188     
  0.17350056087936672     
  0.17359834580446340     
  0.17366404602562580     
  0.17417178379623005     
  0.17440917597060623     
  0.17475109423925536     
  0.17496066432429636     
  0.17549907824784108     
  0.17574616194963574     
  0.17596240246126632     
  0.17597429116539251     
  0.17649160436152045     
  0.17660428710000448     
  0.17719645717696603     
  0.17764097265997827     
  0.17790262516819072     
  0.17826622969152045     
  0.17859198921540670     
  0.17878900033481421     
  0.17922583270369230     
  0.18011611162651320     
  0.18042759027887256     
  0.18071430213612960     
  0.18090110551005054     
  0.18115867055714188     
  0.18183685169505592     
  0.18189043240833305     
  0.18201149056976024     
  0.18285185272659119     
  0.18293676275310794     
  0.18352165773557849     
  0.18450315486645452     
  0.18529179223717915     
  0.18534886017049257     
  0.18582495278134739     
  0.18630251825674507     
  0.18636138741645852     
  0.18683208037836915     
  0.18728969625311218     
  0.18780170868957258     
  0.18813522678939495     
  0.18838229571216028     
  0.18877874628744917     
  0.18939163729639971     
  0.18988293029886036     
  0.18992728077298632     
  0.19014491513484338     
  0.19046515639775394     
  0.19110195319815684     
  0.19157896747080891     
  0.19204693409338963     
  0.19223281619031846     
  0.19283991893189398     
  0.19339831924785983     
  0.19385513610330013     
  0.19422022155185958     
  0.19464898396174996     
  0.19482138620015416     
  0.19500819043284653     
  0.19564879849139499     
  0.19590509978794363     
  0.19659508212922688     
  0.19711542310749172     
  0.19757593059369394     
  0.19807491696082116     
  0.19854032173288436     
  0.19939880044307520     
  0.19946740147651257     
  0.19992264388399780     
  0.20029911439193251     
  0.20081097639015563     
  0.20114128468376771     
  0.20169773017616119     
  0.20206786573900506     
  0.20233425668850516     
  0.20305048750394800     
  0.20335353601325232     
  0.20381403292094041     
  0.20466250095677860     
  0.20497568521171386     
  0.20507152344546725     
  0.20570866072396388     
  0.20612030409393944     
  0.20639687896854700     
  0.20738144889620852     
  0.20765644972348085     
  0.20778653143270315     
  0.20817025948970097     
  0.20900090991635439     
  0.20930954678882263     
  0.20984637113313637     
  0.20999449921454250     
  0.21037190205356696     
  0.21152275240916096     
  0.21177035549393516     
  0.21219883411714047     
  0.21298369289797023     
  0.21327835368324699     
  0.21403968306001611     
  0.21433985844210721     
  0.21493787092047142     
  0.21518989335457051     
  0.21557214586531548     
  0.21580437186889925     
  0.21638205661402293     
  0.21660746550338442     
  0.21725731123560091     
  0.21753793965851032     
  0.21788359197449667     
  0.21845533042909013     
  0.21899967248224494     
  0.21911559473638301     
  0.21953262107363697     
  0.22005227524790411     
  0.22018977724908195     
  0.22101736084703436     
  0.22178772513690773     
  0.22253629206419190     
  0.22302069996750651     
  0.22402624114711656     
  0.22411327795721617     
  0.22434041718953954     
  0.22506214807375496     
  0.22589857517430612     
  0.22631600076843084     
  0.22710793400885304     
  0.22794639217184390     
  0.22819777499792318     
  0.22869638180740587     
  0.22926125278697040     
  0.22950450570724557     
  0.23016544856408289     
  0.23161177877714145     
  0.23172679119176565     
  0.23302073677131047     
  0.23311666626597605     
  0.23442421223055723     
  0.23512333978463604     
  0.23547810194028584     
  0.23637800721147748     
  0.23750862253968447     
  0.23924239865616256     
  0.24023252345394600     
  0.24036072084100507     
  0.24155424446443424     
  0.24238401878822241     
  0.24374146135675306     
  0.24452759545041669     
  0.24565653012485164     
  0.24659343702817871     
  0.24765137167528586     
  0.24859082204778452     
  0.24911231430169140     
  0.24947452608122922     
  0.24989610110811142     
  0.25146978081844534     
  0.25195600959966791     
  0.25353634207471837     
  0.25454118871654086     
  0.25529562032011260     
  0.25576278012587439     
  0.25659310661771922     
  0.25783759337398782     
  0.25891922158619318     
  0.26022545230097094     
  0.26086528453093866     
  0.26325001816454663     
  0.26426867542291538     
  0.26607297210324621     
  0.26706497161019949     
  0.26722435290550017     
  0.26829023277136249     
  0.26997200638058172     
  0.27242579506688319     
  0.27335748345424704     
  0.27363676341880433     
  0.27481110299506867     
  0.27488872904746059     
  0.27639659779346248     
  0.27868615706126104     
  0.28146307615265515     
  0.28238379455840734     
  0.28360210632471483     
  0.28465169685362840     
  0.28750195477187768     
  0.28851118914884732     
  0.28914598997345053     
  0.29007849842623851     
  0.29168211927241244     
  0.29435565729363306     
  0.29641301223494632     
  0.29917989519722354     
  0.29967749812231514     
  0.30022378820258078     
  0.30078261569668058     
  0.30202011679021507     
  0.30373354467619856     
  0.30676970925830399     
  0.30924154206165799     
  0.30984694022595594     
  0.31182041083260092     
  0.31217261070915364     
  0.31273586415097743     
  0.31546551964760899     
  0.31736267305262533     
  0.32153335487209161     
  0.32352969407587462     
  0.32522079882046789     
  0.32536067539121066     
  0.32692445371312856     
  0.33132185761788241     
  0.33382664662257155     
  0.33737318644991515     
  0.34056060115527120     
  0.34901060870181461     
  0.36198135830022299     
  0.36322628408595009     
  0.37196155076320081     
  0.37335186241840729     
  0.37957955700355644     
  0.39353101339382490     
  0.43450204652048213     
