075	001
003	073
073	003
005	071
006	071
071	006
008	069
068	008
069	008
064	008
067	008
014	009
014	010
013	010
015	011
015	012
016	012
017	013
018	014
015	015
019	015
020	016
021	017
022	018
022	018
022	019
022	019
023	019
024	020
025	021
026	022
026	023
027	023
028	024
034	030
031	031
035	031
187	031
032	187
036	032
036	033
037	033
038	034
039	035
040	036
041	037
042	038
042	039
043	039
039	043
039	148
044	040
044	041
045	041
046	042
050	043
083	048
051	049
084	049
051	051
051	082
052	051
082	051
051	148
051	084
052	146
146	052
053	080
080	053
054	144
144	054
055	078
078	055
179	056
057	142
142	057
058	179
059	139
139	059
177	060
060	177
177	060
061	137
137	061
062	175
175	062
136	063
124	063
063	174
174	063
064	064
064	173
065	064
173	064
064	173
065	083
068	065
085	065
066	171
068	066
068	068
069	068
083	068
070	081
081	070
072	079
079	072
074	077
077	074
169	084
084	169
160	086
088	158
158	088
090	156
091	156
156	091
093	154
153	093
154	093
149	093
152	093
099	094
099	095
098	095
100	096
100	097
101	097
102	098
103	099
100	100
104	100
105	101
106	102
107	103
107	103
107	104
107	104
108	104
109	105
110	106
111	107
111	108
112	108
113	109
119	115
116	116
120	116
178	116
117	178
121	117
121	118
122	118
123	119
124	120
125	121
126	122
127	123
127	124
128	124
124	128
129	125
129	126
130	126
131	127
135	128
168	133
136	134
169	134
136	136
136	167
137	136
167	136
136	169
138	165
165	138
140	163
163	140
188	141
143	188
186	145
145	186
186	145
147	184
184	147
148	183
183	148
149	149
149	182
150	149
182	149
149	182
150	168
153	150
170	150
151	180
153	151
153	153
154	153
168	153
155	166
166	155
157	164
164	157
159	162
162	159
177	177
186	186
