004	001
005	001
005	001
006	002
007	003
008	004
004	008
009	005
009	006
010	006
011	007
012	008
012	008
013	009
013	009
013	010
014	010
015	011
017	014
084	017
020	018
019	086
160	019
022	020
023	020
024	020
021	021
021	021
022	021
023	021
024	021
027	023
027	024
028	024
160	025
030	026
026	030
031	027
032	028
033	029
034	030
035	031
035	031
036	032
037	033
037	033
038	034
039	035
040	036
040	036
040	037
043	041
046	074
047	096
096	047
047	172
048	166
166	048
049	094
094	049
050	164
164	050
051	092
092	051
052	162
162	052
053	090
090	053
054	160
160	054
055	088
088	055
056	158
158	056
057	086
057	083
057	084
061	153
153	061
063	063
063	151
064	063
151	063
063	064
063	125
063	122
065	149
149	065
067	147
147	067
069	145
145	069
070	072
071	075
074	071
075	071
073	071
074	071
074	075
097	075
144	075
076	095
095	076
078	093
093	078
079	092
092	079
080	091
091	080
082	089
089	082
084	087
087	084
101	098
102	098
102	098
103	099
104	100
105	101
106	102
107	103
108	104
108	105
109	105
109	105
110	106
110	106
111	107
112	108
179	108
117	115
116	183
120	117
121	117
118	119
119	118
124	120
124	121
125	121
125	121
125	122
126	122
127	123
127	124
128	124
129	125
130	126
131	127
132	128
132	128
133	129
134	130
134	130
134	131
135	131
136	132
137	133
137	133
137	134
138	134
138	135
140	137
143	141
143	171
144	193
193	144
146	191
191	146
148	189
189	148
150	187
187	150
152	185
185	152
154	183
160	160
161	160
167	169
168	172
171	168
172	168
170	168
171	168
194	172
173	192
192	173
175	190
190	175
176	189
189	176
177	188
188	177
179	186
186	179
181	184
183	181
184	181
