   8.4844282061133924E-003
   1.5402584513792839E-002
   1.8316445738651668E-002
   2.1357244269347830E-002
   2.3548896202619463E-002
   2.4976886991268137E-002
   3.0931198459845433E-002
   3.2263203249438883E-002
   3.5741562987446240E-002
   3.7998362872686979E-002
   3.8445589344507487E-002
   4.1139873946290949E-002
   4.1528734409765025E-002
   4.2603750593808977E-002
   4.4669961784041479E-002
   4.5231542763989885E-002
   4.6753176785268247E-002
   4.7259655136423773E-002
   4.8324212147646782E-002
   4.9454412993804979E-002
   4.9630308765391158E-002
   5.0698819459372088E-002
   5.2286683683707397E-002
   5.2412461649133824E-002
   5.3399719524413754E-002
   5.5189429946902735E-002
   5.6081972039048515E-002
   5.6163750233740276E-002
   5.7276967252606600E-002
   5.7558268870986876E-002
   5.9054672832870587E-002
   5.9961495256419653E-002
   6.0962232503688707E-002
   6.3144835440620634E-002
   6.4079414109014327E-002
   6.4731130573694742E-002
   6.5348961382669046E-002
   6.6196704621078073E-002
   6.6843710839358722E-002
   6.8059749895444818E-002
   6.9245601831719655E-002
   7.0249601696141917E-002
   7.0968591389108368E-002
   7.1340165199607633E-002
   7.2827976806453962E-002
   7.3698976282968259E-002
   7.4772009256546063E-002
   7.5068154921313995E-002
   7.5905136648415306E-002
   7.6841634245066126E-002
   7.7277708201042766E-002
   7.8299948600711142E-002
   7.8911848534927789E-002
   8.0284077499757273E-002
   8.0781253300629172E-002
   8.1259916322905038E-002
   8.2209111061714440E-002
   8.3344977424230401E-002
   8.4653782479068657E-002
   8.4979252175935702E-002
   8.6059056128507436E-002
   8.6793329464230781E-002
   8.7462875493548101E-002
   8.8246951973461274E-002
   8.8816719183859041E-002
   8.9154897659519353E-002
   8.9612804107094893E-002
   9.1042156556412207E-002
   9.1546523567211158E-002
   9.2033011679595100E-002
   9.3135994680370593E-002
   9.4054960610760144E-002
   9.4359349198179149E-002
   9.5134612778400837E-002
   9.5526122364417820E-002
   9.6401420841230157E-002
   9.7858957848996342E-002
   9.9051158258436231E-002
   9.9123316624708135E-002
  0.10008481486250626     
  0.10055306570759949     
  0.10191560943228660     
  0.10228124402129633     
  0.10286249667014258     
  0.10311387997735987     
  0.10408318217072526     
  0.10477687873198767     
  0.10555706730692592     
  0.10572845394723347     
  0.10647988021584247     
  0.10743606647472925     
  0.10800428681907834     
  0.10839919546866532     
  0.10897131818873133     
  0.10981052222381359     
  0.11057253540917976     
  0.11099458537268408     
  0.11126949106928123     
  0.11167673099832212     
  0.11303985857806223     
  0.11340823024888240     
  0.11390865346022054     
  0.11465214868988328     
  0.11515954724279912     
  0.11572432568947494     
  0.11599417255769311     
  0.11622926321222335     
  0.11677623043244795     
  0.11772850243894428     
  0.11823828760382303     
  0.11963584143255857     
  0.12012695032068005     
  0.12014228062388300     
  0.12030809630260955     
  0.12149582172815682     
  0.12198701625633815     
  0.12264775549940528     
  0.12317798335438049     
  0.12328030912309826     
  0.12385431850688296     
  0.12474029810098394     
  0.12516104670876127     
  0.12582600818237474     
  0.12616335289449473     
  0.12661218408213104     
  0.12696773039316808     
  0.12751472187093044     
  0.12776922982662561     
  0.12820975880116947     
  0.12903757980525488     
  0.12968772731884301     
  0.13005231217359658     
  0.13051581170036242     
  0.13065697181443911     
  0.13073996403687485     
  0.13202398395312001     
  0.13231469566875770     
  0.13289121078267546     
  0.13332664928539598     
  0.13346164586680034     
  0.13367627080945332     
  0.13394978269866864     
  0.13453364734055320     
  0.13473189762002144     
  0.13516448099845280     
  0.13544851937879490     
  0.13634920628335048     
  0.13676684709024597     
  0.13758365869205699     
  0.13817139114202592     
  0.13834256825177493     
  0.13890970995237148     
  0.13915938256345972     
  0.13988250494343402     
  0.14007198634881116     
  0.14077728903847356     
  0.14111379487398992     
  0.14149911829180734     
  0.14162584018878502     
  0.14186829192731967     
  0.14204697869861296     
  0.14255947608135272     
  0.14314485976692332     
  0.14326929814549605     
  0.14402263859693692     
  0.14422642331206856     
  0.14455616062061868     
  0.14525743681549813     
  0.14554661118264051     
  0.14587609084883166     
  0.14599398727248239     
  0.14659154541464084     
  0.14673073844996923     
  0.14750579254753116     
  0.14758211021469264     
  0.14766137446258928     
  0.14785378390531914     
  0.14861882199744342     
  0.14877676787249577     
  0.14900618258442111     
  0.14947515132077394     
  0.14956963029406015     
  0.14970496257688309     
  0.15011685607659378     
  0.15040824196422964     
  0.15083976913039307     
  0.15104515707762031     
  0.15135482560072189     
  0.15190557092717250     
  0.15232411198453674     
  0.15248652415683384     
  0.15286174251868812     
  0.15301968729913198     
  0.15352355306168483     
  0.15376472120351925     
  0.15438272715102749     
  0.15493958849543779     
  0.15529688610951359     
  0.15543895348410022     
  0.15621006236937574     
  0.15652869276143519     
  0.15673729852309023     
  0.15687011276346779     
  0.15726664248407859     
  0.15761383262801493     
  0.15766739796159829     
  0.15820578996501658     
  0.15828874510573668     
  0.15863541704091330     
  0.15864777121975449     
  0.15880527051202939     
  0.15907575909891533     
  0.15927554390571741     
  0.15953814319702631     
  0.15993983931537334     
  0.16026927799965371     
  0.16052971006179695     
  0.16087107505605000     
  0.16124541186250343     
  0.16141150370707896     
  0.16165907192193715     
  0.16176347490440757     
  0.16207749066817506     
  0.16239161217759085     
  0.16258816775688531     
  0.16302363378294887     
  0.16307397030954685     
  0.16326524197298559     
  0.16339738708337442     
  0.16391125127896625     
  0.16407134389100991     
  0.16459642271098521     
  0.16470072624670110     
  0.16482682226439577     
  0.16522712532920675     
  0.16542235862787619     
  0.16570652727430710     
  0.16589539862090236     
  0.16615275125845533     
  0.16623114450540544     
  0.16647526435706370     
  0.16694325684519332     
  0.16703753910191077     
  0.16727881699980168     
  0.16777100457731492     
  0.16781838797517384     
  0.16797347811574634     
  0.16806694579219106     
  0.16834325408287043     
  0.16866484777529236     
  0.16893421799635541     
  0.16902767938430507     
  0.16924098452205596     
  0.16951324578398291     
  0.16996939305178990     
  0.17026582864134773     
  0.17039917882786837     
  0.17053371048271121     
  0.17067813433002771     
  0.17112027253862902     
  0.17125076713845760     
  0.17168372639615784     
  0.17186942331368243     
  0.17198011832422075     
  0.17224532591433298     
  0.17252378250462225     
  0.17273325775478574     
  0.17327455690792032     
  0.17340079704583905     
  0.17369481251305907     
  0.17403769349395304     
  0.17434727985542900     
  0.17455563995943837     
  0.17474250464261321     
  0.17479865713235043     
  0.17529214075951310     
  0.17542276735425824     
  0.17561779667983116     
  0.17575414229755662     
  0.17614059379250852     
  0.17642212061400334     
  0.17664322787509476     
  0.17668912928826025     
  0.17717430852255989     
  0.17743075278459669     
  0.17767653727043256     
  0.17803025911853881     
  0.17839830709999824     
  0.17853465948634595     
  0.17872512712324523     
  0.17917384202719205     
  0.17950482440043336     
  0.17978354740792760     
  0.17997761420832503     
  0.18043666560534802     
  0.18055828492298151     
  0.18080212564385303     
  0.18111937573234244     
  0.18126701635033415     
  0.18160564111402172     
  0.18205388399792655     
  0.18223221530339326     
  0.18268001636039258     
  0.18305348572244637     
  0.18352284608936109     
  0.18363938391327211     
  0.18403446985857891     
  0.18432493223048499     
  0.18451352863800338     
  0.18495803859011156     
  0.18523465750888984     
  0.18596090263337828     
  0.18601859407153870     
  0.18627921694457511     
  0.18644825056332145     
  0.18678728694659574     
  0.18696123617528876     
  0.18729499712761916     
  0.18746156241132506     
  0.18780586277143219     
  0.18804041139351801     
  0.18810749594209175     
  0.18848990592237469     
  0.18877348538594516     
  0.18911390098404446     
  0.18937696816541399     
  0.19035456243017654     
  0.19057236217467996     
  0.19090536720684592     
  0.19116077317738700     
  0.19154032815304703     
  0.19186097068046259     
  0.19211506134277856     
  0.19231985166248070     
  0.19266910821052746     
  0.19300075454496635     
  0.19303134426822405     
  0.19317405621076947     
  0.19383183532172091     
  0.19408493856972067     
  0.19418880825434312     
  0.19495492037002946     
  0.19508913947871917     
  0.19528914139490608     
  0.19546003935825942     
  0.19573948217120854     
  0.19624257548742033     
  0.19657006631184706     
  0.19695423505873197     
  0.19771655996821336     
  0.19799064223616289     
  0.19832813793168932     
  0.19884460861022693     
  0.19897391895963848     
  0.19937536500666497     
  0.19964271954313106     
  0.20019437669963680     
  0.20024735863564117     
  0.20060061177687924     
  0.20092602362416392     
  0.20123898725199987     
  0.20143017359869303     
  0.20226291259306894     
  0.20270613953699190     
  0.20281604301177522     
  0.20329804321199715     
  0.20351604186154665     
  0.20367702631514037     
  0.20450519957830737     
  0.20456140157665445     
  0.20486475509167776     
  0.20562877085332998     
  0.20572837440161296     
  0.20596243239409490     
  0.20650504574434728     
  0.20702638311327398     
  0.20714948376946540     
  0.20752316459134648     
  0.20804863892235367     
  0.20820521151943119     
  0.20879073896191294     
  0.20942920259633241     
  0.20994782697763603     
  0.21027371254292121     
  0.21102174525148112     
  0.21151531035395507     
  0.21172746230135411     
  0.21214321309282785     
  0.21245305176295168     
  0.21327691195816220     
  0.21371624576633214     
  0.21467009249527533     
  0.21474201695680686     
  0.21526023150140150     
  0.21562814646196052     
  0.21627889218216831     
  0.21702932650651827     
  0.21751210144005476     
  0.21807493852885135     
  0.21822200060433503     
  0.21863550375843238     
  0.21931500969901041     
  0.21972372666810563     
  0.22025365402521113     
  0.22068500015780054     
  0.22086593107721486     
  0.22134361189044915     
  0.22161557517793953     
  0.22217110404935403     
  0.22289987402594083     
  0.22350400286568473     
  0.22397610375118099     
  0.22431114024437965     
  0.22473639443465915     
  0.22536716312856733     
  0.22582106735013269     
  0.22657405972818617     
  0.22716370167032471     
  0.22770523188175965     
  0.22842376291774880     
  0.22848915065312414     
  0.22867048511629598     
  0.22921132782196299     
  0.22954543086447998     
  0.23000575595907061     
  0.23082498082983097     
  0.23121414732406934     
  0.23229560415259687     
  0.23255373827575518     
  0.23282631106527948     
  0.23401193550219310     
  0.23486055989846774     
  0.23538335588744816     
  0.23551464368004899     
  0.23622722399250273     
  0.23706685781387957     
  0.23740322382158863     
  0.23762725419204384     
  0.23783917995902484     
  0.23908743434265653     
  0.23935521792576453     
  0.23967015650266013     
  0.24028902428280088     
  0.24091463467731758     
  0.24161255039608603     
  0.24245317619396034     
  0.24330991864711007     
  0.24351566715749365     
  0.24439830368908294     
  0.24479623048239396     
  0.24526329645800243     
  0.24572796372642619     
  0.24668604019630047     
  0.24728627119155117     
  0.24812368455973302     
  0.24879634700481351     
  0.24941944582534614     
  0.25051809389055474     
  0.25135063359605470     
  0.25151253680057306     
  0.25251916304930516     
  0.25291488130275153     
  0.25384235486170137     
  0.25443902152776443     
  0.25498373946503711     
  0.25564330409666691     
  0.25672088964394441     
  0.25715454425115170     
  0.25879521651860515     
  0.26024829442632347     
  0.26057953931424288     
  0.26181051924326498     
  0.26278534450977431     
  0.26340371084196412     
  0.26400785483590100     
  0.26508653981454139     
  0.26553371265172548     
  0.26588244867627348     
  0.26781360438208496     
  0.26864878671397535     
  0.26924858490476894     
  0.27029043964620542     
  0.27127899249300391     
  0.27185726159022522     
  0.27254723182214485     
  0.27382830415677906     
  0.27516827231940860     
  0.27614896776381070     
  0.27663138436058132     
  0.27846942490400717     
  0.27886828299969535     
  0.27995734943667061     
  0.28055536734437136     
  0.28101060087334495     
  0.28191559720156179     
  0.28365913510631774     
  0.28390856574992418     
  0.28516216571250436     
  0.28626415378893610     
  0.28803177449620326     
  0.28857969164577507     
  0.28970399145213338     
  0.29034924585237487     
  0.29207328678455657     
  0.29245379176556141     
  0.29384261192511502     
  0.29465856337321711     
  0.29606563669986230     
  0.29693714714496983     
  0.29777604932660318     
  0.29795736782851173     
  0.29884081200586893     
  0.29945923959391374     
  0.29958056332065564     
  0.29998267905452397     
  0.30093126898032291     
  0.30231645487304859     
  0.30302494722358492     
  0.30308954762828233     
  0.30472550583437652     
  0.30604270391320348     
  0.30871309147406328     
  0.30960337820521538     
  0.31012230402548913     
  0.31273215893053646     
  0.31323852923839496     
  0.31509083062360221     
  0.31694651876351643     
  0.31961586157561955     
  0.31980461119297804     
  0.32279909304666404     
  0.32373486043468508     
  0.32611851711067957     
  0.32733434724484717     
  0.32919343616464108     
  0.33137927453508004     
  0.33219802208224408     
  0.33281163414781018     
  0.33402918711994628     
  0.33943980250960126     
  0.34018067011618919     
  0.34338709828387276     
  0.34417220216069117     
  0.34530218280174796     
  0.34884751150502397     
  0.35287922510283903     
  0.35881879683732687     
  0.36147610550063985     
  0.37185990456032275     
  0.37393072094359109     
  0.38075533416025575     
  0.38779065396832024     
  0.38941240796319843     
  0.39547674632957752     
  0.39671357541766616     
  0.40954554556506079     
  0.41202552359158151     
  0.45877103706958045     
