227	325
325	227
228	324
324	228
229	323
323	229
231	321
231	321
321	231
321	231
231	321
321	231
332	232
233	318
319	233
233	319
234	334
234	334
334	234
254	410
410	254
255	409
409	255
256	408
408	256
256	410
258	406
406	258
258	406
406	258
293	259
259	292
260	404
260	402
404	260
260	404
261	419
264	334
334	264
266	332
267	332
332	267
269	330
330	269
273	271
276	272
277	273
278	274
279	275
280	276
281	277
281	277
306	277
307	277
282	278
283	279
283	279
285	281
286	282
287	284
288	284
289	285
294	291
295	291
292	292
296	292
297	293
298	294
299	295
299	296
300	296
301	297
302	298
303	300
304	300
300	304
305	301
306	302
307	303
308	304
311	304
306	307
311	308
345	310
312	343
343	312
312	345
313	407
407	313
313	341
314	341
341	314
315	405
405	315
316	339
339	316
317	403
402	318
403	318
320	400
400	320
322	398
398	322
324	397
345	324
385	324
325	326
326	344
329	326
329	327
344	329
331	342
342	331
333	340
340	333
335	338
338	335
337	337
430	345
345	430
419	349
351	417
352	417
417	352
354	415
415	354
413	354
360	355
359	356
360	357
361	357
362	358
362	359
363	359
364	360
365	361
361	365
366	362
367	363
368	364
369	366
370	366
371	367
371	368
372	369
373	369
374	370
379	376
380	376
381	377
382	378
383	379
384	380
384	381
385	381
386	382
387	383
388	384
389	385
385	396
390	386
391	387
392	388
396	389
396	393
430	395
397	428
428	397
397	430
398	426
399	426
426	399
401	424
424	401
410	411
411	429
429	411
429	414
416	427
427	416
418	425
425	418
420	423
423	420
