007	003
008	004
009	005
009	006
010	006
010	006
011	007
012	008
013	009
009	013
014	010
014	011
015	011
016	012
017	013
017	013
018	014
018	014
018	015
019	015
020	016
022	019
089	022
025	023
024	091
172	024
027	025
028	025
029	025
026	026
026	026
027	026
028	026
029	026
032	028
032	029
033	029
243	030
172	030
035	031
031	035
036	032
037	033
243	033
038	034
039	035
040	036
040	036
041	037
042	038
042	038
043	039
044	040
045	041
045	041
045	042
048	046
051	079
052	101
101	052
052	184
053	178
178	053
054	099
099	054
055	176
176	055
056	097
097	056
057	174
174	057
058	095
095	058
059	172
172	059
060	093
093	060
061	170
170	061
062	091
062	088
062	089
222	064
066	165
165	066
067	219
219	067
068	068
068	163
069	068
163	068
068	069
068	137
068	217
068	134
069	217
217	069
070	161
161	070
071	215
215	071
072	159
159	072
072	213
074	157
157	074
075	210
210	075
075	077
076	080
079	076
080	076
078	076
079	076
077	211
079	080
102	080
156	080
081	100
100	081
083	098
098	083
084	097
097	084
085	096
096	085
087	094
094	087
089	092
092	089
153	105
106	155
110	107
111	107
112	108
113	109
113	110
114	110
114	110
115	111
116	112
117	113
118	114
119	115
120	116
120	117
121	117
121	117
122	118
122	118
123	119
124	120
191	120
129	127
128	195
132	129
133	129
130	131
131	130
130	218
130	218
136	132
136	133
137	133
137	133
137	134
138	134
139	135
139	136
140	136
141	137
142	138
143	139
144	140
144	140
145	141
146	142
146	142
146	143
147	143
148	144
149	145
149	145
149	146
150	146
150	147
152	149
155	153
207	154
155	183
156	205
205	156
158	203
203	158
160	201
201	160
162	199
199	162
164	197
197	164
166	195
171	246
246	171
172	172
173	172
172	245
173	244
244	173
175	242
242	175
176	240
239	177
179	237
237	179
179	181
180	184
183	180
184	180
182	180
183	180
181	238
206	184
185	204
204	185
187	202
202	187
188	201
201	188
189	200
200	189
191	198
198	191
193	196
195	193
196	193
327	225
327	225
227	325
325	227
229	323
323	229
378	230
231	321
321	231
231	321
321	231
378	232
232	233
232	377
233	319
319	233
254	410
410	254
255	409
409	255
256	408
408	256
258	406
406	258
258	406
406	258
293	259
259	260
259	292
260	404
404	260
260	404
336	262
264	334
334	264
267	332
332	267
269	330
329	269
330	269
328	269
275	270
275	271
273	271
276	272
277	273
278	274
278	275
279	275
280	276
276	280
281	277
306	277
282	278
283	279
283	279
283	280
284	280
285	281
281	302
286	282
287	284
288	285
289	285
288	298
294	291
295	291
295	292
296	292
297	293
298	294
299	295
299	296
300	296
301	297
302	299
303	299
304	300
300	304
300	311
300	409
305	301
306	302
307	303
311	304
344	307
345	310
312	311
312	312
312	343
313	312
343	312
312	345
312	430
313	407
407	313
313	341
314	341
341	314
315	405
405	315
316	339
339	316
317	403
317	403
318	403
402	318
403	318
402	318
320	400
400	320
322	398
398	322
385	324
325	325
325	325
326	325
325	326
326	344
329	326
346	326
329	327
329	329
330	329
344	329
342	331
332	334
333	340
340	333
335	338
337	337
430	345
397	345
345	430
349	419
419	349
351	417
352	417
417	352
354	415
414	354
415	354
413	354
360	355
360	356
359	356
361	357
362	358
363	359
363	360
364	360
364	361
365	361
361	365
366	362
391	362
367	363
368	364
368	364
369	365
370	366
371	367
372	369
374	370
379	376
380	376
380	377
381	377
382	378
383	379
384	380
384	381
385	381
386	382
387	383
388	384
389	385
385	389
385	396
390	386
391	387
392	388
393	389
396	389
396	393
429	394
430	395
397	396
397	397
397	428
398	397
428	397
397	430
399	426
426	399
401	424
424	401
410	410
410	410
411	410
410	411
411	429
414	411
429	411
414	412
414	414
415	414
429	414
416	427
427	416
417	419
418	425
425	418
420	423
423	420
