005	001
006	002
007	003
008	004
009	005
010	006
010	007
011	007
012	008
012	009
013	009
014	010
015	011
016	012
023	020
024	020
027	023
026	025
029	026
030	026
030	027
031	027
032	028
033	029
034	030
035	031
036	032
037	033
039	035
040	036
041	037
037	040
042	038
042	039
043	039
043	043
048	046
047	097
096	047
047	171
049	094
094	049
050	164
164	050
051	092
092	051
052	162
162	052
053	090
090	053
054	160
160	054
055	088
088	055
056	158
153	061
063	151
151	063
065	149
149	065
067	147
147	067
074	071
074	071
097	073
144	074
078	077
078	093
093	078
080	091
091	080
082	089
089	082
084	087
102	098
103	099
104	100
105	101
106	102
107	103
107	104
108	104
109	105
109	106
110	106
111	107
112	108
113	109
120	117
121	117
124	120
123	122
126	123
127	123
127	124
128	124
129	125
130	126
131	127
132	128
133	129
134	130
136	132
137	133
138	134
134	137
139	135
139	136
140	136
140	140
145	143
144	194
193	144
146	191
191	146
148	189
189	148
150	187
187	150
152	185
185	152
171	168
171	168
194	170
175	174
175	190
190	175
177	188
188	177
179	186
186	179
181	184
