model_5wi4.B99990001.pdb        53.58200     -648.52142        1.00000
model_5wi4.B99990002.pdb        44.77364     -648.39185        1.00000
model_5wi4.B99990003.pdb        44.51271     -653.63153        1.00000
model_5wi4.B99990004.pdb        59.02786     -662.26410        1.00000
model_5wi4.B99990005.pdb        51.62895     -639.71307        1.00000
model_5wi4.B99990006.pdb        47.66256     -647.18115        1.00000
model_5wi4.B99990007.pdb        41.10105     -657.20172        1.00000
model_5wi4.B99990008.pdb        46.50852     -616.31335        1.00000
model_5wi4.B99990009.pdb        34.98636     -676.98438        1.00000
model_5wi4.B99990010.pdb        48.13528     -674.40961        1.00000
model_5wi4.B99990011.pdb        37.95165     -651.46576        1.00000
model_5wi4.B99990012.pdb        55.43576     -628.98517        1.00000
model_5wi4.B99990013.pdb        49.76431     -649.38556        1.00000
model_5wi4.B99990014.pdb        38.24551     -597.25647        1.00000
model_5wi4.B99990015.pdb        48.29518     -673.38824        1.00000
model_5wi4.B99990016.pdb        42.83020     -643.72467        1.00000
model_5wi4.B99990017.pdb        44.64546     -679.87152        1.00000
model_5wi4.B99990018.pdb        50.08346     -656.77032        1.00000
model_5wi4.B99990019.pdb        56.52903     -645.85284        1.00000
model_5wi4.B99990020.pdb        38.42760     -652.91583        1.00000
model_5wi4.B99990021.pdb        53.10746     -657.13599        1.00000
model_5wi4.B99990022.pdb        56.73335     -611.94989        1.00000
model_5wi4.B99990023.pdb        61.56004     -643.12384        1.00000
model_5wi4.B99990024.pdb        40.39777     -647.58099        1.00000
model_5wi4.B99990025.pdb        51.74773     -641.88025        1.00000
model_5wi4.B99990026.pdb        46.42671     -634.00995        1.00000
model_5wi4.B99990027.pdb        54.30433     -631.58057        1.00000
model_5wi4.B99990028.pdb        55.19089     -638.23688        1.00000
model_5wi4.B99990029.pdb        54.70285     -676.33923        1.00000
model_5wi4.B99990030.pdb        53.77660     -686.95081        1.00000
model_5wi4.B99990031.pdb        50.11667     -532.03375        1.00000
model_5wi4.B99990032.pdb        54.67387     -646.19940        1.00000
model_5wi4.B99990033.pdb        39.01508     -651.15820        1.00000
model_5wi4.B99990034.pdb        44.23255     -668.00232        1.00000
model_5wi4.B99990035.pdb        39.03012     -636.42084        1.00000
model_5wi4.B99990036.pdb        39.71187     -664.08575        1.00000
model_5wi4.B99990037.pdb        39.85662     -688.52002        1.00000
model_5wi4.B99990038.pdb        39.90382     -681.43628        1.00000
model_5wi4.B99990039.pdb        46.82520     -673.54401        1.00000
model_5wi4.B99990040.pdb        44.59749     -686.97333        1.00000
model_5wi4.B99990041.pdb        52.57845     -649.09930        1.00000
model_5wi4.B99990042.pdb        44.91687     -635.84357        1.00000
model_5wi4.B99990043.pdb        60.81390     -560.02271        1.00000
model_5wi4.B99990044.pdb        36.40258     -683.35278        1.00000
model_5wi4.B99990045.pdb        51.73548     -654.04425        1.00000
model_5wi4.B99990046.pdb        50.11145     -618.95581        1.00000
model_5wi4.B99990047.pdb        50.29771     -659.86011        1.00000
model_5wi4.B99990048.pdb        54.63357     -681.53345        1.00000
model_5wi4.B99990049.pdb        43.29890     -611.04071        1.00000
model_5wi4.B99990050.pdb        46.74543     -621.61658        1.00000
