   1.4059152675701292E-002
   1.7817667307675644E-002
   2.2179466035578098E-002
   3.4910946808399380E-002
   3.5520678795091465E-002
   3.9835836282015147E-002
   4.0688330844165586E-002
   4.2052756051685750E-002
   4.2927355929261148E-002
   4.3410260816732306E-002
   4.4855245258084070E-002
   4.7626461437960087E-002
   4.8790428898439903E-002
   4.9576499934774705E-002
   5.0900506479564532E-002
   5.1767439336511199E-002
   5.1837588360694353E-002
   5.3034210932554483E-002
   5.4138426855910089E-002
   5.6068064011997681E-002
   5.7044089588789593E-002
   5.7849882530463283E-002
   5.8592361827475591E-002
   5.9605166093982906E-002
   6.0116380773524818E-002
   6.0909373762804829E-002
   6.1319608764165437E-002
   6.2256115104792675E-002
   6.3400624038317449E-002
   6.4083979352246107E-002
   6.4820880979900269E-002
   6.6365690755470150E-002
   6.6793500357165234E-002
   6.9691205554334945E-002
   7.0673418287330925E-002
   7.1011607731659820E-002
   7.1975442511369919E-002
   7.2852776840659744E-002
   7.3584135120221647E-002
   7.5160791992441495E-002
   7.6124162962619243E-002
   7.7695462198112741E-002
   7.7850120036878551E-002
   7.8430629341332284E-002
   7.8983331975133339E-002
   8.0059732683482460E-002
   8.0619572123272948E-002
   8.1585661907446955E-002
   8.2222124514770539E-002
   8.2344377010940384E-002
   8.3572477895609690E-002
   8.3842156817810654E-002
   8.5252075631209984E-002
   8.5492233255817868E-002
   8.5996141015062116E-002
   8.7062921389678818E-002
   8.7526222549801747E-002
   8.8497698671874098E-002
   8.9099478762268355E-002
   8.9187851851162014E-002
   8.9581600688790217E-002
   9.0890712014391639E-002
   9.2167348523421566E-002
   9.2960281578960996E-002
   9.3402033117892441E-002
   9.4551547633717162E-002
   9.5540802882826126E-002
   9.6006952544022264E-002
   9.6672848923059870E-002
   9.7148550259662153E-002
   9.7387400212836581E-002
   9.8403491783562377E-002
   9.9181998638166402E-002
   9.9483500844079462E-002
  0.10057801194183946     
  0.10075915298491386     
  0.10128396301705844     
  0.10194990702381254     
  0.10291759934343223     
  0.10405472964049491     
  0.10435218756982660     
  0.10491748902525591     
  0.10529147783471825     
  0.10613636416076933     
  0.10730238693663442     
  0.10768002713564873     
  0.10825384655091567     
  0.10987394951240999     
  0.11035637517337311     
  0.11097415058145206     
  0.11133872637481346     
  0.11246588845734629     
  0.11291375303407092     
  0.11358418441489829     
  0.11384866778073094     
  0.11411274546744719     
  0.11534519317166025     
  0.11604381425144568     
  0.11646489815433199     
  0.11705897968816392     
  0.11743876950972301     
  0.11793757792773613     
  0.11828616692593789     
  0.11944704622060648     
  0.11955567322491671     
  0.12040144921139959     
  0.12099753178166221     
  0.12115264560285452     
  0.12178209558013324     
  0.12268247765123540     
  0.12340456968892381     
  0.12355012536202258     
  0.12443358777142910     
  0.12501424891551011     
  0.12549008797012073     
  0.12561225082510966     
  0.12627949424975815     
  0.12728110829060546     
  0.12782730607547008     
  0.12814539592608978     
  0.12875887553494711     
  0.12925123866692259     
  0.12983589663277698     
  0.13111601114905838     
  0.13161734474040054     
  0.13203884952731901     
  0.13248962289798277     
  0.13316424726792864     
  0.13355669407779530     
  0.13373407651673866     
  0.13434636771340944     
  0.13477545275795313     
  0.13490429651554206     
  0.13545372481220133     
  0.13602547050608324     
  0.13641725434154592     
  0.13704462981764581     
  0.13797039310447812     
  0.13820608857979697     
  0.13858319717840717     
  0.13922826048006409     
  0.13962088884327498     
  0.14015522544337736     
  0.14041659200829301     
  0.14113118667896188     
  0.14136429460580766     
  0.14170787487210948     
  0.14195989142428164     
  0.14255891782095045     
  0.14275271275755683     
  0.14306740413494567     
  0.14330640044738721     
  0.14384351208262144     
  0.14414299342989079     
  0.14449127470270803     
  0.14545152392207769     
  0.14576189634954001     
  0.14647352939951658     
  0.14653530125743691     
  0.14670381420494971     
  0.14726625837115923     
  0.14762250551169959     
  0.14808525381285711     
  0.14833651245712745     
  0.14894264722946177     
  0.14908514486179283     
  0.14957337257191519     
  0.14980236783141096     
  0.15002120063668897     
  0.15024394190464666     
  0.15043973513213169     
  0.15107401660441694     
  0.15137134779479849     
  0.15168538235732579     
  0.15219661887200081     
  0.15264503137131233     
  0.15273902607576326     
  0.15306088468304868     
  0.15331525539150664     
  0.15355037630845539     
  0.15396090474000604     
  0.15441533899544665     
  0.15464254040743888     
  0.15488562850140911     
  0.15523523412718140     
  0.15566352186662188     
  0.15590519729723865     
  0.15643135428283683     
  0.15680761250309430     
  0.15688204297085431     
  0.15724904683131127     
  0.15749120589788396     
  0.15781310037517618     
  0.15800719135732141     
  0.15807929953783828     
  0.15862040644525394     
  0.15878117488751625     
  0.15894367785666583     
  0.15941946278866140     
  0.16012746509073122     
  0.16047565134347408     
  0.16071611067884281     
  0.16082663247568793     
  0.16094915364408408     
  0.16119638751038537     
  0.16123776091202557     
  0.16165660124661990     
  0.16196987298734522     
  0.16225358364938264     
  0.16228739263834727     
  0.16289033515270063     
  0.16299791505677469     
  0.16318974356118290     
  0.16361944010421450     
  0.16381560570062492     
  0.16412072672865571     
  0.16434276633689299     
  0.16466397517869422     
  0.16477961419882159     
  0.16504439757142528     
  0.16536769915081878     
  0.16588630257907427     
  0.16597453141700821     
  0.16633367697802826     
  0.16652466989445361     
  0.16676347494549396     
  0.16695086347380422     
  0.16738422813527398     
  0.16775283499925039     
  0.16815269484908899     
  0.16836536728043683     
  0.16838669739589482     
  0.16864246172735856     
  0.16887090198528815     
  0.16902651386741138     
  0.16941157694771625     
  0.16962527459722188     
  0.16978427157268924     
  0.17022248090103129     
  0.17043980987659985     
  0.17081694898900746     
  0.17089325487976373     
  0.17113041987437402     
  0.17144340821289195     
  0.17151987711499334     
  0.17182870947352019     
  0.17192587771275220     
  0.17219401062517359     
  0.17249229986442138     
  0.17255551924859441     
  0.17271522102640138     
  0.17293706779472617     
  0.17346977380395265     
  0.17350001092798964     
  0.17383616438362010     
  0.17398277042317775     
  0.17414235200196257     
  0.17437385115221352     
  0.17459594209671364     
  0.17494792187192099     
  0.17516937434207197     
  0.17559376112374125     
  0.17563465614667870     
  0.17605044029499209     
  0.17651443563263661     
  0.17663268586639677     
  0.17677558935920695     
  0.17717156991835417     
  0.17732217243129908     
  0.17747611412657088     
  0.17775936991410493     
  0.17813050732863531     
  0.17833438039286714     
  0.17861088472300307     
  0.17900803896433287     
  0.17949177213242187     
  0.17964006014169717     
  0.18019324515989812     
  0.18080515555682447     
  0.18090740163138719     
  0.18115194222419367     
  0.18127803307856089     
  0.18156123362226503     
  0.18182654267555332     
  0.18219499750387719     
  0.18234244861136154     
  0.18253630582213573     
  0.18302076499974065     
  0.18340277768010860     
  0.18347310463051122     
  0.18400791452801432     
  0.18422588088300124     
  0.18496240032254210     
  0.18500136398378822     
  0.18526828791839325     
  0.18581351188386111     
  0.18598559214913535     
  0.18653532787743971     
  0.18673773446103245     
  0.18722100798484284     
  0.18726758523524029     
  0.18746221603904167     
  0.18781815008281294     
  0.18834006765521902     
  0.18842053235773149     
  0.18899137392517351     
  0.18948459215524774     
  0.18970246654912445     
  0.18988009391854338     
  0.19025069905037700     
  0.19052196023783174     
  0.19080291785006309     
  0.19122181421768028     
  0.19154953014287782     
  0.19189306957315397     
  0.19224585862214377     
  0.19261639653627360     
  0.19269994201492899     
  0.19315003749822970     
  0.19360493429222989     
  0.19374642539937850     
  0.19398274245438754     
  0.19415331429466492     
  0.19454868597957409     
  0.19465162183552528     
  0.19536598696560048     
  0.19562177736868286     
  0.19580496300169775     
  0.19605553311672741     
  0.19679940983226030     
  0.19712723808421947     
  0.19720908191263112     
  0.19761602577378307     
  0.19841709446240124     
  0.19865359340030919     
  0.19888326266742487     
  0.19913747357489436     
  0.19934145532662276     
  0.19962099108341974     
  0.19981028962055561     
  0.20011879994383791     
  0.20067507924157288     
  0.20093180340631522     
  0.20107282520309350     
  0.20134777652910760     
  0.20160441885548394     
  0.20234907537280392     
  0.20274354687150500     
  0.20323232911788025     
  0.20367987729700171     
  0.20380143620605953     
  0.20451574134268638     
  0.20469927942574515     
  0.20502443833372275     
  0.20526406588725857     
  0.20616765568484727     
  0.20638931067799063     
  0.20664973546792129     
  0.20739713106186217     
  0.20749130811618999     
  0.20783238628692097     
  0.20802049567591002     
  0.20845804332345350     
  0.20892671377763330     
  0.20977845846078980     
  0.20992071175323321     
  0.21061955874313865     
  0.21076984126971771     
  0.21096079078129767     
  0.21155664107702521     
  0.21162190071333845     
  0.21188424895555125     
  0.21224134011180334     
  0.21258680386643400     
  0.21330674957007187     
  0.21414224236209312     
  0.21505384953886453     
  0.21548972759717072     
  0.21578328147554449     
  0.21603474478752183     
  0.21638922852879833     
  0.21700256530402995     
  0.21720854041605453     
  0.21745541324246534     
  0.21811785150814866     
  0.21873867124099464     
  0.21915503422069232     
  0.21945720381197811     
  0.21981848898393072     
  0.22019373169260906     
  0.22049318316339162     
  0.22093047988408798     
  0.22149175577225355     
  0.22176948268571378     
  0.22211470419377941     
  0.22250625923931716     
  0.22259474811677701     
  0.22310673753236684     
  0.22335573146840540     
  0.22423087289423921     
  0.22496886055956314     
  0.22510374529612856     
  0.22570200165540588     
  0.22637990730455665     
  0.22665889496066624     
  0.22732742371635201     
  0.22855931036948404     
  0.22877849430554290     
  0.22963505155869832     
  0.22999619166905422     
  0.23027893585296577     
  0.23072307836100614     
  0.23121234757948295     
  0.23182786484259732     
  0.23200809838301678     
  0.23274296570125053     
  0.23315486260807905     
  0.23363948276499302     
  0.23430296356539154     
  0.23469793618424001     
  0.23515521916155580     
  0.23526549937410596     
  0.23570346941325931     
  0.23619636261755383     
  0.23648176427352974     
  0.23689545587077401     
  0.23740073191874184     
  0.23815147814764995     
  0.23879646934343687     
  0.23916106826308858     
  0.23984215587380489     
  0.24033995664812052     
  0.24042848132289485     
  0.24119954321523648     
  0.24126817110030818     
  0.24265666010160505     
  0.24294417753441255     
  0.24338976198267254     
  0.24363120078355105     
  0.24464795353221988     
  0.24478622735616179     
  0.24601422772708695     
  0.24661912243984252     
  0.24718507192353201     
  0.24730033662185680     
  0.24757508013795762     
  0.24821682231827402     
  0.24904579007550040     
  0.24970561423385448     
  0.24995395081867708     
  0.25096906711270817     
  0.25204013575996265     
  0.25252121387054682     
  0.25280863714976748     
  0.25464341343210795     
  0.25479032828448239     
  0.25553136648795605     
  0.25656653539055824     
  0.25748482458413519     
  0.25751125530443192     
  0.25906327598140066     
  0.25994967537193103     
  0.26035888686794345     
  0.26097596129603512     
  0.26250090336496867     
  0.26276292488005937     
  0.26399992419963325     
  0.26533598894164845     
  0.26561524697203859     
  0.26692012887528888     
  0.26764723906966520     
  0.26917658774227970     
  0.26988389443089444     
  0.27052738982099722     
  0.27096009516301844     
  0.27225410141736400     
  0.27296846953112086     
  0.27303174657841567     
  0.27412236697612824     
  0.27500276032468796     
  0.27692095866885785     
  0.27751376915860793     
  0.27791968275537970     
  0.27870516625756092     
  0.27971162341786421     
  0.28028881757281593     
  0.28143631283149545     
  0.28194869259972433     
  0.28291097891010392     
  0.28417508298957561     
  0.28465830961606403     
  0.28536466403185878     
  0.28710551525047928     
  0.28766816680009794     
  0.28810613168762245     
  0.28911679271645074     
  0.28970461332098618     
  0.29067018333095701     
  0.29117929873775550     
  0.29183340231376376     
  0.29296536179620031     
  0.29384709304649231     
  0.29414613252916078     
  0.29465018919797220     
  0.29649371709920969     
  0.29856448062806290     
  0.29982937857040498     
  0.30089953459930119     
  0.30237613430537547     
  0.30255622730717374     
  0.30388728613953830     
  0.30591051939906894     
  0.30750556164288995     
  0.30939669704610678     
  0.30978131639598250     
  0.31008625545845986     
  0.31131427176805521     
  0.31226868877991726     
  0.31436828967342201     
  0.31478510430400181     
  0.31570126589689834     
  0.31735342330014260     
  0.31881182659035262     
  0.31961422601468403     
  0.32082478490515176     
  0.32297090120003735     
  0.32384104588834450     
  0.32470062000188737     
  0.32658765811736296     
  0.32741593661145496     
  0.32895087164433201     
  0.33085866004187148     
  0.33314751319112446     
  0.33405348674437257     
  0.33589131526306021     
  0.33667669177673742     
  0.33763157721517895     
  0.34058330435418560     
  0.34100489645315524     
  0.34465917594122791     
  0.34740182254493635     
  0.34891870786938489     
  0.35103982962374752     
  0.35329992811037075     
  0.35798175056709464     
  0.35944223563381694     
  0.36497843631567461     
  0.37140731268459937     
  0.37391682427945472     
  0.37537811902030815     
  0.38422158766237280     
  0.39581455040587399     
  0.39911523715900921     
  0.40446237035025789     
  0.40473462983205266     
  0.41567640806099465     
  0.42821896946343946     
  0.46195742018067065     
