005	001
044	001
006	002
007	003
003	078
078	003
008	004
009	005
009	006
010	006
011	007
012	008
013	009
014	010
015	011
017	014
084	017
020	018
019	086
023	020
027	023
028	024
028	024
029	025
029	025
030	026
030	027
031	027
032	028
033	029
034	030
035	031
035	031
036	032
037	033
038	034
039	035
040	036
040	036
040	037
041	037
041	037
042	039
043	040
046	044
047	096
096	047
047	172
047	194
048	166
166	048
049	094
094	049
050	164
164	050
051	092
092	051
051	163
163	051
052	162
162	052
053	090
090	053
054	160
055	088
088	055
057	086
057	083
057	084
062	207
207	062
151	063
063	206
063	116
064	205
205	064
065	149
149	065
202	066
066	148
148	066
067	147
147	067
201	067
068	199
199	068
069	145
145	069
070	197
197	070
071	075
074	071
075	071
073	071
097	075
144	075
076	095
095	076
078	093
093	078
079	203
203	079
080	091
091	080
081	205
081	204
082	089
089	082
084	087
086	084
087	084
092	203
203	092
144	097
102	098
103	099
104	100
100	175
175	100
105	101
106	102
106	103
107	103
108	104
109	105
110	106
111	107
112	108
109	131
114	111
181	114
117	115
116	183
120	117
123	120
124	120
125	121
125	122
126	122
126	122
127	123
128	124
129	125
130	126
131	127
132	128
132	128
133	129
134	130
200	130
135	131
136	132
137	133
137	133
137	134
138	134
138	134
139	136
140	137
143	141
144	193
193	144
146	191
191	146
148	189
189	148
150	187
186	150
187	150
152	185
185	152
155	153
154	183
154	180
159	221
221	159
220	160
161	219
219	161
163	217
216	163
215	164
165	213
213	165
167	211
211	167
168	172
171	168
172	168
170	168
170	168
169	211
211	169
171	172
194	172
173	192
192	173
175	190
190	175
176	217
217	176
177	188
188	177
178	218
179	186
186	179
181	184
183	181
183	181
184	181
189	217
217	189
