  -0.104
  -0.290
   0.427
   0.353
   0.870
   0.153
 -12.960
   4.717
   7.733
 -10.003
   0.845
   2.838
  -4.322
   0.686
  -0.489
   1.461
  -2.034
  -7.309
  -1.639
  -7.395
   3.379
   2.743
  -0.213
  -1.191
  -4.071
   0.047
 -12.552
   3.289
  -0.416
  -4.485
   4.491
  -2.244
   3.233
   1.772
  -1.421
   6.163
   4.504
  -0.016
  11.582
  -1.877
   2.712
   0.014
   2.158
   2.259
  -1.476
   1.572
   4.852
  -8.467
   5.997
   0.434
  -2.734
  -1.727
  -1.833
   1.185
   0.808
   1.073
   3.756
   5.589
   0.920
   4.008
  -3.352
  -8.196
  -4.895
   3.725
   4.926
  -1.056
  -1.860
  -4.799
  -8.261
   7.718
   1.122
  -0.930
  -7.397
  -0.491
  -2.204
  -3.106
  11.143
   7.390
  -5.703
   8.826
 -13.020
 -14.124
  15.119
  -0.039
   5.547
  11.444
  -1.043
  -1.175
   8.305
 -11.307
   9.843
   2.419
  -6.781
  -1.382
   4.082
  -6.400
  -3.307
 -13.060
   4.547
  -5.762
  -3.841
   3.884
   0.090
  -0.759
  -1.782
   6.631
  11.755
   2.782
   6.243
   1.541
   4.022
   4.867
  -1.636
  -5.180
   2.385
  -3.697
   1.074
  -1.417
   6.348
   1.613
   6.810
   2.976
  -0.035
   1.404
   1.385
   5.886
   7.066
   0.556
   4.812
  -8.180
   2.416
  -3.097
   5.096
   9.791
   6.854
  -1.929
   0.629
  -8.034
  -5.100
  -3.407
  -0.718
   2.823
   5.549
  -3.063
   1.594
  -8.821
 -10.062
   1.050
   4.181
   1.974
  -0.409
   5.199
  -0.601
   1.887
   0.204
  -4.219
   0.768
   0.907
  11.934
  -7.936
  -4.039
  14.107
   0.787
  -1.177
  -3.600
  -4.959
   9.241
  -3.644
  -9.340
  -5.155
 -16.005
   0.004
  -5.956
  -4.786
  -9.354
  -5.684
  -9.839
  14.207
  -6.897
   6.645
  -3.005
  -2.052
   4.021
  -3.927
  -0.380
   1.844
  -3.867
 -12.224
 -14.774
  11.569
   5.741
  -2.282
 -10.065
  -7.073
   5.709
  -4.457
   9.316
  -4.832
  -7.324
  -6.193
  -6.500
  19.256
  -1.944
   6.675
  -4.264
  10.237
   1.881
   1.399
   7.656
 -14.311
   5.528
  -4.224
   0.708
  -1.859
   3.771
   1.544
  -7.176
  -1.161
  -1.213
  -5.543
  14.419
   0.128
  16.977
   3.501
 -19.010
  -2.630
  -1.994
  -0.825
  -5.296
  -4.072
   9.726
  -8.356
  -0.860
  -2.532
 -15.698
  -3.097
   4.005
  -1.350
   0.338
  10.456
  -8.437
  16.333
  -0.696
  -1.383
   1.065
   2.144
  -7.662
   2.187
  -8.886
  -5.225
  -1.491
   3.082
   4.351
  -2.444
   0.819
  -5.596
 -14.474
   5.327
   0.474
   0.296
   5.683
  -6.903
  -4.067
  -4.350
  -2.592
   3.527
  -0.264
  11.010
  -8.144
   1.349
  -3.385
  -3.489
 -20.928
   3.273
   6.927
  -6.197
   5.825
  17.063
  -4.350
   4.069
   4.164
  -1.647
   0.499
  -2.188
  -5.418
   1.172
  -5.848
   3.939
  -1.617
   1.661
 -17.423
  -3.933
   2.332
   6.516
  -1.581
   9.069
  -1.407
  -1.900
  -0.993
   4.795
  -1.169
  -7.738
  -3.168
   0.642
  -1.092
   1.418
  -4.701
  -3.054
   0.109
   9.689
   1.487
   2.163
  -9.600
  -1.052
   8.834
  -0.096
   0.014
  -0.257
  15.059
  -9.104
  -9.502
  11.117
   2.645
   0.661
   0.103
  -3.956
  -1.349
  -0.293
  -1.868
  25.089
   2.798
  -4.469
  -0.077
   3.268
   7.965
  -2.195
  -2.313
  -3.649
  -6.630
   4.055
  -4.652
  23.239
   4.831
  18.397
  -6.731
  -8.942
  -0.078
  15.829
   0.754
  -0.146
   4.193
  13.087
   3.316
   2.890
   2.761
   0.849
   5.366
   4.830
   1.077
 -15.341
  -1.566
  -6.771
  -4.527
  -9.430
  -4.376
 -10.235
  -2.839
   2.149
  -7.261
  16.708
   5.067
   7.380
   8.390
  -7.002
   8.995
   2.786
  -1.357
  10.713
   2.803
  -4.414
  10.347
   4.291
 -21.452
   6.554
   9.905
   6.189
  11.873
  -8.183
  -6.492
   0.391
   4.029
   8.053
  -0.480
  -7.483
  11.080
  18.536
   4.204
  -9.779
  10.233
  10.057
  -9.457
   1.083
   1.377
  -3.833
  -1.156
  -1.053
   5.711
   5.005
  -4.358
  22.234
  -0.309
  -0.801
 -10.560
   9.961
  13.128
  -5.907
   2.032
  -4.510
  -4.757
   3.596
  -6.558
   1.136
  -4.593
  -9.212
  15.207
   0.129
   2.315
   0.468
  -3.117
  -8.434
   0.073
  -2.046
  -4.525
  -1.034
   7.371
   4.536
   3.445
   2.911
  11.718
  -1.882
  -0.345
  -0.748
  -0.873
  -2.589
  -0.041
  -6.496
  -3.549
  -1.577
   9.529
  -5.070
   1.434
   7.378
   4.600
  -7.719
  -0.385
  -1.067
  -5.993
   6.917
  -8.306
   2.351
  -1.829
 -10.443
   4.113
   1.627
   9.390
   6.783
   3.114
   1.597
  -5.509
  -2.912
  -4.079
 -19.562
   8.215
  -2.863
  -7.628
  -9.803
   2.616
   2.890
   2.345
  22.099
   5.941
  -2.184
  -3.502
  21.729
  -7.357
   7.262
  -4.917
   0.608
  -4.453
  -8.306
  -2.316
   2.309
 -17.106
   0.229
  -1.104
  -1.583
 -13.249
   5.948
  -3.146
   3.345
   9.898
   2.204
  -0.758
   2.303
  -0.833
   1.916
   2.795
  12.109
   9.670
   7.426
 -14.381
   3.121
  -2.910
   1.664
   9.190
   0.890
   1.913
 -10.282
 -13.854
   1.074
  -7.922
   3.381
   7.595
  -2.832
   9.527
  14.735
 -14.437
  -0.649
  -3.957
  -9.461
  -0.197
 -13.840
  -0.523
  -8.071
   8.074
  -8.866
   0.240
   4.603
   7.122
   0.663
   0.392
  -2.320
  -0.450
   2.773
  -2.323
  -8.301
 -13.304
   1.223
  -1.323
  -0.157
   5.978
  -3.282
  -2.395
  -2.800
   4.842
  -1.204
  -4.081
  -0.590
  -0.447
  -3.755
   3.917
  -3.238
  -0.382
   0.098
   0.808
   7.687
   3.283
   0.566
   2.523
  -2.287
   0.592
 -12.588
   3.034
 -12.564
  -7.981
   7.877
  -0.214
  -0.341
  -2.771
  14.383
  -4.041
  15.086
  -7.470
  12.593
  -3.846
  13.299
   6.365
 -14.466
  -2.735
   7.006
  -9.233
  -4.483
  -0.525
  -0.532
   5.306
   6.238
  -0.596
  -1.376
  -4.207
  19.831
  -2.908
  -2.384
  20.260
 -22.158
  -8.228
  10.737
  14.326
  -6.670
  15.979
 -10.698
  -4.708
  17.357
  20.671
  -3.803
 -10.968
   4.333
 -11.343
   0.789
   9.089
  -4.696
  -8.498
  -1.528
  -3.577
   0.925
 -14.686
 -13.384
  17.758
   7.676
   4.676
   0.354
   1.880
  -0.523
   3.831
   8.007
   3.074
 -17.471
  12.530
   1.403
   2.171
 -10.483
   0.184
  16.382
  -3.900
   6.374
  -0.571
  -9.403
   4.815
  10.383
  -5.681
  -2.163
   1.671
   6.880
   5.714
   1.922
  19.198
  -9.371
  -4.339
   8.952
   2.600
   0.583
   3.533
  -0.365
   2.852
  15.306
  11.711
  -0.052
 -21.979
  28.083
  16.293
 -22.140
   9.627
  -5.853
 -12.046
   7.285
  -9.232
 -13.080
   2.518
  -8.464
   4.401
   6.252
   2.232
   4.759
  11.336
  -0.140
 -10.200
   1.726
  -2.739
   0.094
  -2.052
 -20.030
   2.052
   9.374
   3.121
   0.762
  -6.176
   1.274
  -0.310
  -1.855
   2.160
 -10.749
  -1.424
 -13.891
   6.744
  -4.380
   3.373
   6.635
  11.241
   3.844
   2.194
 -13.756
   1.042
  16.836
   8.859
 -17.869
  -5.901
   1.698
  15.829
 -25.913
  -9.851
  19.775
   1.297
  10.199
  -6.342
  -0.670
   2.193
   6.511
  -6.249
 -28.281
   1.780
  15.459
  -4.380
  -2.880
  -4.227
   3.628
  24.934
 -20.720
  18.179
  10.736
   4.909
 -16.354
  32.202
 -12.432
  -7.283
   4.776
  23.518
  13.054
   9.021
 -21.255
   9.458
   0.113
  -0.865
   9.380
  -4.880
   4.255
   8.030
  -8.532
  -8.704
  -0.197
   1.388
  12.683
  -5.087
  -7.728
  11.693
  -8.618
  -6.578
   3.863
  12.145
   5.125
  -9.970
 -18.277
   1.136
   5.448
 -10.927
  18.972
  -2.357
  10.139
  -0.049
 -22.954
  12.246
   2.053
   8.452
 -12.673
  -4.344
  -4.333
  -6.215
   7.176
   2.631
   1.740
  -5.876
   9.080
 -18.564
   9.845
  -7.841
   0.971
  -4.330
 -10.660
   4.713
  -4.256
   9.798
  -3.780
   5.575
   2.311
   3.634
  -4.970
   3.008
   5.510
  -2.056
  -5.554
 -14.716
   0.663
   8.385
  11.873
   0.645
  -0.590
   1.165
  -0.219
   4.924
   1.318
   7.203
  -0.789
   0.725
  -5.825
   1.185
  -4.329
  -3.809
   2.051
  -3.934
   1.324
 -13.701
 -10.944
  19.972
  -3.052
  13.383
  11.211
   8.044
   1.299
   3.208
   3.787
   2.916
   8.081
   7.003
   0.028
  -3.075
   2.262
  -3.533
  -4.670
  -6.033
  -9.382
  -1.883
  -2.626
   0.627
  -3.739
  -8.111
 -10.970
  -8.896
  -0.803
 -10.180
   0.439
  -1.280
  -2.044
   1.057
   0.109
  -8.630
  -2.150
 -22.069
  -6.754
  10.957
   0.801
  19.069
  -4.343
  -2.622
   3.619
  -1.655
   3.923
   0.488
   2.407
   2.163
  13.235
 -11.011
   8.165
  -9.547
  11.657
  -5.400
   2.501
  10.050
   3.892
   3.555
  11.471
   4.772
 -13.977
   1.913
  -1.417
   3.224
   4.119
   5.014
   4.588
  12.122
   5.040
   2.965
   7.717
   1.331
   7.979
   0.217
   2.506
  -0.860
  -5.717
   2.191
   1.130
  -9.160
 -10.821
 -13.670
   1.125
  -6.040
   0.709
   2.992
   0.600
   1.482
   5.025
  -1.556
   1.274
   3.769
   2.996
   2.083
  -2.524
  -6.333
  -8.525
   6.460
   0.053
   1.666
  -6.362
  -9.659
   2.955
  -1.430
  12.025
   4.823
   2.903
   2.923
   3.694
  -1.317
  -2.814
  -4.309
  -3.497
   4.629
  11.039
  -2.887
   7.184
   3.331
  -1.182
  -4.959
  -2.111
   0.192
   0.786
   9.613
  -3.138
   5.671
   3.856
  -6.610
   0.962
   0.873
  -9.369
  -2.359
  -0.501
  -1.895
  -3.432
   6.321
   3.245
  -4.181
   7.071
   3.423
  -3.979
   6.057
  -0.106
  -2.814
   1.029
  -1.472
   3.855
   3.627
   6.077
   6.225
   5.225
  -3.501
  -9.142
   3.243
  -9.297
   1.469
  -3.185
   1.909
  -1.198
  -5.940
  -0.033
  -6.490
   4.168
   2.572
  -3.145
  -1.867
   5.272
  10.614
   8.145
  -6.135
  -3.962
  -0.111
  -7.683
   1.496
  -2.592
   8.686
  -1.248
   1.265
  -1.772
  -0.837
   4.058
   2.416
   3.830
  -8.439
   1.066
   2.184
  -5.590
  -2.740
   2.313
  -2.735
   3.753
  -1.835
  -1.630
  -0.837
   1.176
   2.964
   4.150
   5.506
  -0.558
  -6.574
   8.978
  -1.404
  -6.286
   1.661
  -8.855
   0.555
 -10.179
  -5.247
   0.089
   0.819
  -0.098
   0.841
  -0.118
  -3.843
  -5.730
   1.890
   2.149
  -1.827
  -3.369
   0.432
   3.424
   7.413
   0.894
  -0.147
  -0.868
  -0.621
  -1.804
  -0.219
   3.209
   4.433
   0.041
  -0.122
   4.281
  -4.707
  -5.427
  -5.146
   2.373
  -1.711
   4.073
  -2.691
  -4.156
  11.747
   6.746
   6.626
   1.438
 -16.052
  16.680
   2.141
   7.190
  -4.644
  -3.716
   0.524
   4.745
   3.125
  -2.826
  -1.486
   2.679
   1.495
  -2.307
   0.636
  -0.610
   1.336
   1.890
   7.429
  -6.454
 -10.499
   2.214
  -1.417
  -1.855
  -0.025
  -1.070
   0.512
   2.262
  -0.138
  -4.335
  -1.078
   7.322
  -0.565
   7.684
  10.889
  -2.514
   0.505
  -1.191
   3.158
   0.371
   2.156
  -0.593
   2.913
  -0.561
   1.037
   3.186
   0.204
   1.025
  -3.155
   1.057
  -0.518
  -0.220
  -6.104
   0.065
  -3.921
   1.037
  -1.875
   3.394
  -1.546
   4.567
   0.311
   6.575
   9.803
   0.586
  -8.415
   0.375
   1.276
   1.973
  -0.160
   3.947
  -4.581
   2.797
   6.635
   5.723
  -1.396
   0.056
  -1.701
  -2.407
 -12.176
   1.510
   0.872
  -1.852
   3.531
  -0.161
  -2.108
  -0.852
  -3.057
   5.701
  -3.949
  -0.439
  12.550
   1.071
  -3.737
  -1.440
  -5.513
   0.601
  -4.677
   3.072
   0.129
  -8.360
  -0.387
  10.189
  -0.481
  -1.358
  -2.669
 -10.409
   0.673
   3.701
   7.222
   2.137
   8.067
   0.674
  -0.192
  13.856
   0.171
   5.884
  -2.838
   1.267
 -20.294
  -1.256
  -0.346
  -6.980
  -1.814
   0.313
  -0.579
  -0.168
 -12.636
  -1.415
   1.369
  -8.810
   9.403
   1.945
   5.301
   6.416
   0.567
   5.421
  -0.066
  -2.415
   3.786
   2.261
   1.006
  -7.306
  14.152
  12.647
   8.990
   1.576
   2.723
  -0.062
   0.010
  -6.288
   2.134
  -6.176
  10.918
  -0.653
   2.057
  10.931
  -0.461
   0.017
   0.117
   8.041
  -3.130
   0.135
   0.815
 -10.938
   3.080
  -2.486
   0.198
   0.306
 -13.790
  -0.958
  -0.034
   6.944
   3.887
   2.231
 -10.362
   2.644
  -1.214
   0.005
   0.084
  -7.461
   0.484
  -0.165
   3.778
   0.005
   5.351
   0.153
   0.070
   0.015
  -3.487
   1.499
   0.038
   0.112
  -6.799
  -5.401
  -0.050
  -0.071
  -1.131
  -0.023
   0.011
   0.003
   8.674
  -0.002
   0.002
   0.003
   0.011
  -0.005
   0.008
   1.973
  -0.010
   0.002
  -0.004
  -0.000
   0.000
