   0.139
   0.402
   0.114
   0.075
   0.645
   0.806
  -1.591
  -3.233
 -11.076
   1.405
   1.170
  23.249
   2.780
   1.960
   0.095
 -10.964
  -0.555
  -3.885
  10.903
  -0.082
  14.415
   1.260
  -5.468
  -7.478
  -5.923
  -0.442
   7.514
   0.929
  -3.791
  -2.922
   1.426
  -1.325
  -2.887
   3.580
   1.574
   5.642
   0.015
  -0.276
   9.534
  -0.388
  -4.151
  -0.315
   3.068
  -1.326
 -12.280
  -2.925
  -5.470
   0.682
  -7.189
   3.389
   4.238
  -8.902
  -3.396
   0.743
  -1.880
  -3.292
  -4.123
  -7.355
  -2.661
   4.522
   5.621
  11.387
  -0.141
  -7.614
  -9.175
  -8.443
   4.187
  -4.051
   0.309
  -6.962
  -7.126
   4.832
  -5.388
   3.192
 -12.848
  19.928
  16.598
 -19.218
  -8.224
   2.431
   8.942
  -2.539
   6.512
   5.537
  -1.804
  17.301
  -8.032
   9.376
  -7.500
   0.338
  -0.866
  -5.105
  11.547
   2.000
 -10.868
 -15.154
  -7.376
 -16.005
   2.444
   0.485
   3.355
   0.604
   0.667
   0.913
  -0.319
 -13.217
   9.050
  -0.949
  -0.996
  -5.936
   7.878
 -14.640
   3.407
   2.066
   1.086
  -1.232
   3.132
 -10.435
  -2.052
  -5.108
   1.238
   2.485
   0.019
  -0.040
   4.548
   4.809
 -12.650
   0.352
  -9.111
  15.845
  -3.930
  -4.988
   1.485
   1.456
  -1.607
  -3.704
  -8.815
   8.314
   5.266
  -1.838
   1.291
   0.656
  17.756
  -2.711
  -0.695
  -5.304
  -0.055
  -0.123
   6.314
   9.003
  -3.092
   2.994
   0.126
  -0.454
  -2.386
   4.499
   0.230
   7.536
   6.018
  -9.157
  -3.161
  -0.566
   0.079
   2.400
   3.442
   2.098
  -1.109
   0.988
   1.329
   0.406
  -0.607
   4.524
  -2.462
  -5.176
   3.546
  -1.318
  -3.778
  -5.487
   1.538
  -2.457
 -10.024
  16.056
  -1.787
   7.396
  -7.509
   2.421
   2.619
  -7.324
  -3.133
   4.893
   5.904
  -2.426
 -10.096
  -4.773
   1.556
  -1.883
   6.884
   5.468
   7.953
   5.542
   0.325
   3.440
  -1.817
   3.458
  -4.195
   3.691
  20.227
   8.159
 -10.514
   7.430
   8.302
   7.451
  -1.306
   3.631
  -0.611
   1.052
   6.893
  -6.086
  -7.377
  -0.160
   9.168
  -4.947
   0.094
 -12.230
  -0.824
 -12.245
   6.544
   9.864
  -3.836
   2.754
  -3.351
  -2.497
  15.739
 -10.966
  -2.519
  -3.149
  -0.522
   3.578
   4.676
   0.867
  -5.089
 -11.483
   1.422
   4.791
   0.917
  -0.912
  -6.354
  -1.882
  13.753
   7.275
   9.245
   4.985
  -3.819
   4.191
   2.822
   0.683
   4.531
   1.677
  -0.091
   2.114
   9.732
  -9.400
  -4.357
   7.397
  16.530
  -4.130
  -1.084
 -23.564
  -5.206
  -6.711
 -13.031
   0.440
   9.682
   1.802
  -3.344
  -5.577
  -0.558
   6.449
  -1.705
  12.542
   0.898
   3.597
   8.005
 -18.070
  10.145
  -3.803
   9.403
 -11.678
  16.839
   5.730
  -3.821
  -4.789
   3.569
  12.728
   6.024
   0.740
  -0.711
   2.567
   0.930
   7.114
  -9.426
   8.144
   7.162
   0.471
  -8.084
   7.421
  -6.011
 -10.206
   0.774
  14.456
   0.948
  11.394
  10.626
   0.722
  -0.182
   4.218
  10.817
  -0.309
  -9.929
   1.085
 -15.373
  -3.690
  -0.307
  -2.312
  -7.404
   6.988
  -1.494
   9.963
  -5.192
  13.155
  -3.009
  10.217
   0.977
  -3.767
 -12.864
  -5.555
  10.664
 -10.577
 -18.543
   5.112
   1.642
   7.824
  -2.644
  -9.484
  14.517
   2.074
  -6.759
  -6.559
  -7.230
   5.492
  11.421
  -4.481
   9.399
   0.485
  -5.435
   2.090
  21.383
  10.478
 -14.706
   5.867
   4.143
 -12.016
  -6.318
 -16.463
   5.286
  -9.059
  -0.605
   9.142
  -8.925
  16.494
   7.629
   5.068
   7.711
  -3.338
  -6.330
  -5.973
  12.626
   4.478
   2.249
   2.100
   8.841
   2.750
  17.052
  -5.508
   2.597
  30.830
  -5.563
  -8.683
   5.955
 -13.777
 -12.071
 -14.807
  -0.217
   9.081
  -7.290
   2.149
   4.208
   7.941
 -11.119
  -2.424
  15.921
  -0.661
  -8.343
   8.054
   2.861
  -3.609
  -2.850
   9.656
   6.652
 -16.869
  -6.273
  -0.917
  -2.966
   5.694
   3.183
   3.158
   6.239
  12.554
  -3.258
  -4.066
   4.234
   0.947
   2.014
   7.479
   6.621
  -2.560
  -1.429
  -2.397
   3.067
  14.200
  -5.186
  13.031
   5.705
  12.216
  -8.233
  -1.260
  -4.052
  -4.109
  -3.244
  -0.114
   4.697
   1.802
  -0.666
  -2.980
   1.465
  -1.954
  -5.640
  -9.889
   4.238
  -1.022
 -11.879
   6.206
   8.312
  -4.505
  -3.880
   3.204
 -10.971
   2.289
  -4.972
   2.383
   2.400
  11.653
  -6.475
   1.128
  -0.961
  -3.173
 -11.262
   1.976
   0.803
  -7.240
  -5.193
   9.245
  -3.753
   0.239
  -8.127
  -9.385
  -2.313
   1.588
   3.505
 -10.117
  -3.911
  -0.693
   1.546
  10.017
   2.262
  -3.485
   1.827
  -0.648
  -1.803
  -2.613
   0.417
  -5.009
  -3.044
  -4.257
  -5.616
  -4.258
   3.926
  -9.401
   2.993
   3.589
  10.200
   2.860
  -2.024
  -2.124
  -2.223
  -5.096
   8.715
   8.128
   1.193
   0.771
   1.119
   1.355
  -5.272
   0.896
   9.616
   5.899
  -8.536
   1.644
 -11.640
  -4.412
  12.296
 -13.368
  14.969
  12.983
   1.481
   9.758
  11.855
  -8.600
  -0.924
   8.820
  -0.173
 -15.892
   0.074
   0.923
  -7.002
   3.314
  -5.412
  -3.902
   9.470
   4.338
  10.274
  -4.523
 -10.446
   3.027
  -3.112
   3.629
  -4.402
   0.201
   2.038
   0.343
   0.599
  -0.234
   4.299
   3.633
 -15.751
   3.079
  -3.866
  -0.743
   0.856
 -11.714
   6.871
   2.277
   1.941
   0.516
  11.025
  -2.668
   1.057
  -9.041
  -7.961
  -4.866
   1.857
  -3.681
  -1.152
  -6.978
  -5.362
   5.041
  -1.423
   5.898
   7.767
  -9.352
   1.952
  -5.843
   0.665
  -4.101
   0.782
  -7.244
  -3.589
  -3.080
   2.375
  -4.343
   5.121
   0.807
  -0.803
   0.444
  -3.732
  -4.170
   4.228
   0.202
  -0.792
  -7.286
   5.380
   0.008
  -6.460
  -6.789
   0.885
  -2.278
  -1.317
  -8.786
   2.155
  -7.986
  -1.415
   5.313
  -5.756
   1.021
   6.352
  -3.254
  -3.140
   3.312
   1.178
   4.114
  13.581
   4.690
   1.206
   0.364
  -1.678
  -2.917
  -3.563
  -7.899
 -12.217
   2.019
   0.945
  -4.849
  -3.506
  -1.613
   1.220
  -3.444
   0.978
   1.657
   0.707
   2.733
   1.305
   3.254
  -3.676
   0.973
  -3.124
   3.202
  -0.991
   0.840
  -0.074
   2.511
  -0.268
  -3.453
  -3.010
   2.239
   2.132
  -2.836
  -0.456
  -1.304
  -0.888
   2.370
  -1.266
  -4.780
  -1.751
   0.079
   0.072
  -1.662
  15.971
   0.734
  10.942
  -2.197
   0.228
  -4.057
  -5.325
  -0.329
   4.080
   2.038
   5.715
   1.485
   0.002
  -1.902
  -5.066
  -4.024
  -1.790
  -9.183
   1.631
  -4.359
   0.088
   9.222
   9.609
  -4.706
  -4.926
  -0.035
  -0.809
  -1.869
   6.370
  -1.936
  -0.166
  -4.193
   5.332
   0.981
  -5.494
   3.167
  -1.895
  -6.238
   1.121
  13.505
  16.786
   6.812
   2.266
   4.104
  -0.003
   6.047
   9.762
  -5.912
  -2.808
   1.154
   0.275
  -5.185
   0.282
  10.205
   1.880
   1.905
  -5.009
   5.831
  -4.708
  -2.414
  -1.461
  -0.201
   0.909
  -2.268
  -4.672
  -4.504
   1.469
  -8.506
  -3.314
   1.291
  -0.150
   1.857
  -0.238
  -1.403
   3.813
  -6.777
 -11.969
  -9.216
  -7.542
   3.981
  -4.161
   4.921
   7.911
   1.564
  -9.153
   2.886
  -2.296
  -1.259
  -1.118
   0.618
   4.526
  -7.779
  -0.717
  -0.933
  -4.946
   0.241
   8.111
  -2.387
   6.882
   5.187
  -7.636
   4.685
  -5.562
  -1.591
  -2.072
  -0.841
   2.006
   2.392
  -6.554
   3.948
  -3.487
   4.348
   3.559
   0.961
  -8.589
   8.410
   0.990
   1.464
   9.559
  -3.616
   4.662
  12.474
  -0.489
   2.089
  -1.084
  -1.697
  -1.050
   1.225
  -6.698
   3.276
  -2.511
   8.444
  -1.832
   8.251
   5.416
   7.837
   0.361
   5.770
   0.779
   1.909
  -0.891
   3.596
   5.003
   2.591
   1.302
 -11.776
  -0.435
   2.975
  -3.934
  -1.733
   3.780
   3.089
  -1.935
   5.835
  -1.127
  -6.649
  -0.200
  -2.338
  -1.090
  -4.274
   0.396
  -2.281
  -5.252
  -4.270
   1.946
   0.391
   1.645
   0.250
   2.362
   3.786
  -3.122
   1.619
  -3.093
   1.439
  -2.658
   0.218
  -4.760
   0.560
   4.804
  -1.081
  -3.716
   3.793
  -0.720
   8.576
   6.044
  -0.504
   0.614
  -2.734
  -1.749
  -1.258
   0.214
  -2.273
  -1.853
  -0.794
  -1.864
  -1.466
   1.832
  -1.558
  -2.682
  -1.369
  -0.517
   2.257
  -5.847
   2.050
   4.494
  -5.266
  -3.629
   5.180
   3.455
   1.274
   2.035
  -3.354
   0.469
   1.628
  -1.817
   5.380
  -4.120
  -2.915
  -6.306
   2.538
   2.538
  -2.482
  -3.945
   0.757
   4.789
   5.567
  -0.935
  -6.555
  -4.240
  -8.268
  -4.307
  -0.874
   0.036
  -3.875
  -1.990
  -7.817
   4.333
   2.454
  -1.717
   0.296
   0.253
  -1.565
   0.087
  -0.865
  -2.653
   3.223
  -1.353
   3.038
  -0.409
   5.227
  -5.066
  -1.387
  -3.303
   0.505
  -1.203
  -0.283
   1.307
  -0.797
  -0.972
   4.748
   0.481
   2.066
   1.174
   1.406
  -2.304
   0.772
   3.180
  -0.647
  -1.573
   1.471
   1.613
  -0.084
   1.856
  -7.487
   1.824
   1.008
  -2.253
  -1.693
  -0.338
   1.225
  -2.299
  -0.154
   1.567
  -1.167
   0.359
  -2.163
  -1.848
   2.883
   1.158
   4.373
  -5.897
  -3.949
  -0.745
  -2.070
  -0.283
  -0.248
  -2.485
  -2.543
  -2.338
   4.174
   5.829
   2.191
   3.001
  -1.932
   0.782
   4.837
  -3.151
   0.197
  -2.209
  -7.684
  -2.982
 -11.098
  -4.794
  -3.079
  -7.826
   0.829
  -1.217
   3.415
   1.789
   1.793
  -4.282
  -4.112
   2.639
   2.261
  -3.594
   2.381
   1.751
   6.075
   1.329
   3.811
   2.648
  -5.746
   0.103
   0.144
  -1.192
   9.309
  -0.282
  -6.240
   4.366
   2.495
   0.642
   0.690
  -0.288
  -7.506
   2.480
   1.073
  -1.084
  -3.862
   3.641
  -1.608
   1.035
   1.947
  -0.609
  -0.571
   1.051
  -1.877
   2.178
  -1.441
  -4.386
  -2.994
   3.645
  -2.845
  -5.181
   5.301
   4.098
  -1.912
   2.954
   4.547
  -2.416
  -1.207
   1.370
  -5.005
  -0.942
   2.481
   2.739
  -1.679
   1.751
   1.288
  -2.376
  -0.222
  -1.331
  -1.098
   1.106
   0.490
   3.588
   0.076
  -0.301
   0.391
   0.400
   0.474
  -2.131
   0.739
  -3.301
   7.331
  -2.117
   2.120
  -1.171
  -6.760
  -3.165
  -0.980
   0.319
   1.795
   3.428
  -0.984
   4.677
  -2.629
   3.541
   3.383
   0.311
   3.425
   1.455
   5.123
  -3.189
  -1.045
   2.481
  -2.398
  -3.276
   0.641
   0.158
   8.107
  12.753
  -4.355
  -1.317
  -2.948
   4.983
   2.923
   4.036
   5.361
   8.162
  -1.540
   3.367
   4.174
   3.392
  -0.978
   0.396
  -1.094
  -0.718
  -3.859
   4.699
  -1.194
  -4.556
  -1.340
   8.311
  -1.186
   2.056
  -1.136
   2.309
   0.417
   2.172
   1.318
  -0.141
  -3.753
  -6.690
  -0.710
   3.413
  -0.205
   1.937
   0.558
   3.574
  -6.147
   0.676
   0.139
  -6.496
   0.297
   2.755
   0.050
   1.496
  -1.408
  -1.517
  -0.151
  -0.152
  -0.537
   2.959
  -1.147
  -0.119
   0.186
   0.328
   3.884
   2.342
  -2.703
  -3.251
  -3.196
   1.519
   1.602
  -1.101
   1.486
  -6.462
   0.204
  -6.857
  -3.910
  -6.239
   0.267
  -0.879
  -0.602
  -3.986
  -0.793
   0.994
   0.072
   3.823
   0.233
   2.387
   0.421
  -0.598
   0.396
  -2.967
   1.263
   0.171
  -1.428
  -0.162
   1.058
   2.146
   1.517
   0.412
   1.830
  -0.083
   2.293
   3.416
  -1.579
  -2.339
  -0.139
  -1.018
  -9.870
   0.025
  -9.428
  -8.113
  -0.171
   2.428
  -0.138
   0.173
   3.832
  -2.633
  -0.575
  -8.920
  -0.136
   2.026
  -0.098
   1.762
  -6.722
   2.876
   0.061
  -0.079
   0.054
   0.148
   0.562
  -0.130
  -3.904
   5.599
   3.498
  -0.614
   3.465
  -0.334
   0.003
   0.207
   0.307
   1.578
   0.004
  -0.056
   2.552
  -0.777
   0.436
  -6.315
   0.259
  -0.251
   1.143
   0.134
   8.435
   1.318
  -0.952
   0.382
  -0.004
   0.818
   0.686
   0.021
   0.129
  -4.505
   0.278
  -1.674
  -0.175
   0.015
  -5.269
  -0.819
  -0.648
   3.026
  -0.682
   0.307
   0.004
  -0.050
   5.629
  -1.371
   0.828
  -2.764
   0.002
   1.621
   0.024
  -0.025
  -0.020
  -0.130
  -2.797
   0.013
   0.174
  -8.777
  -8.404
  -0.073
  -0.120
  -5.365
  -0.051
   0.015
  -0.011
  11.735
  -0.010
   0.008
  -0.014
   0.008
  -0.002
  -0.007
   0.859
  -0.005
  -0.003
   0.002
   0.001
   0.000
