  -0.407
   0.400
   0.175
  -0.275
  -0.700
   0.458
  -0.209
  -0.519
   0.410
  -0.375
   5.342
  -1.116
   5.191
  -2.486
  -4.492
  -0.259
   0.673
  -1.481
  -2.333
   1.026
   0.951
   1.452
   0.569
  -0.185
  -0.319
   3.309
   0.276
  -3.979
   2.736
  -2.787
   3.414
   0.723
  -2.190
  -0.808
  -0.736
  -0.932
   0.454
  -3.307
   0.486
   3.567
   1.079
  -7.873
   1.947
  -1.807
   0.800
  -2.094
  -5.678
  -1.303
   2.586
   0.288
   0.012
   7.332
 -12.500
   0.875
   5.108
  -2.076
   7.738
  -3.800
  -5.555
   2.469
   0.834
  -0.831
  -0.129
  -4.458
  -3.503
   2.716
  -8.379
   6.534
  -3.954
  -0.947
  -3.302
  -9.671
   3.071
   0.082
   0.222
   4.108
  -1.728
   1.386
   0.659
   3.650
   1.757
  -1.473
   0.758
  -0.654
  -3.048
   1.175
   5.591
  -2.355
  -0.829
  -2.459
  -1.532
  -1.117
   0.167
  -1.475
   1.858
  -5.104
   2.907
   2.121
   2.643
  -0.933
   0.050
   0.450
   6.337
   5.534
   0.216
  -0.907
   1.650
   6.408
  -1.448
  13.816
  -1.451
  -4.525
   6.252
   1.877
  -0.859
   2.095
  19.705
   2.321
  -5.789
   6.097
   1.743
  -4.877
  -0.272
   0.360
  -3.721
  -1.777
  -0.960
  -0.868
  -6.566
  -4.506
   3.625
  -2.577
   7.462
  -3.317
  -0.376
   0.190
   1.843
  -0.489
  -0.969
  -0.251
  -2.884
   5.380
  -0.612
  -1.840
   3.962
  -5.523
   3.478
   6.084
   0.930
  -2.097
  -5.645
  -6.476
  -7.143
   1.296
   1.053
   4.293
   3.863
   1.747
  -0.448
  -1.003
   2.461
  -0.471
  -4.781
   0.287
   0.503
  -1.149
   3.155
   5.623
   3.355
  -0.899
  -0.023
   1.560
  -4.464
   2.958
  -0.746
   0.577
  -0.019
   0.380
   1.680
  -0.931
  -5.041
  -5.092
  -5.027
  -2.775
  -4.937
  -9.507
  -1.087
  -3.018
   1.541
   0.601
   5.384
   6.811
   1.463
  -0.564
  -1.272
  -1.079
  -0.488
   0.100
  -0.080
  -0.974
   5.867
   1.703
  -1.727
  -2.331
  -3.465
   0.805
  -3.624
   9.026
   2.027
   0.898
  -1.934
   1.797
  -5.722
  -2.252
  -3.916
  -2.648
   3.191
   2.717
   2.327
  -0.663
  -6.050
   4.712
  14.479
 -10.119
   6.949
  -3.827
 -10.343
   1.439
   0.783
 -11.211
  -4.787
  -3.037
  -0.114
  -2.108
   1.261
   2.788
   6.301
   2.878
  -2.160
   2.843
   2.533
   0.001
  -6.999
   1.459
   0.911
   2.957
   2.604
  -0.876
  -0.635
   3.207
   2.483
  -1.552
   6.453
  -4.375
   1.731
   1.388
   0.024
  -6.134
  18.092
 -10.669
   1.509
  -7.075
  -2.143
   9.574
 -12.451
 -12.630
 -28.801
   0.611
   2.574
 -16.192
   1.299
   7.494
  -2.005
   0.811
   1.221
  -0.767
  -1.673
  -1.679
  -5.882
   3.950
  -3.934
 -16.101
   3.958
   1.201
   1.566
  -2.854
   0.032
   3.830
   1.270
  -3.582
  -0.191
   2.963
   5.635
  -0.774
   1.813
   1.523
   6.034
  -6.469
  -6.634
   0.709
   1.220
   0.278
  -4.175
   4.302
   2.419
   8.560
  -2.020
  -2.201
 -15.814
  -4.051
   5.622
  -5.150
   6.671
 -10.369
   1.990
   2.196
  -0.502
  -1.270
   2.479
   9.249
  -2.344
  -0.073
  -8.122
   0.290
  15.532
   0.105
   2.871
  -1.847
   4.875
   1.536
   0.303
   0.933
  -1.484
  13.435
  -1.670
   0.118
  -2.361
  -3.577
   1.712
  -1.152
   2.526
   9.472
  15.855
 -10.574
   1.068
   2.521
   0.080
  -5.805
  11.702
 -11.804
   7.951
  -1.606
   7.969
  -6.353
  -0.152
   1.803
   0.463
  -7.744
  -5.578
   0.072
   8.395
   5.452
   1.946
  -3.194
 -13.340
  -6.287
  10.390
   0.072
   8.060
   7.064
  -1.936
  -1.203
  -1.421
   0.092
  -5.384
  14.213
   3.911
  -0.105
   7.092
   5.408
   7.256
  -4.637
  -1.541
 -16.324
   1.029
  -0.201
   7.582
   5.010
   2.078
  -2.137
   8.850
  -5.604
   0.525
   3.056
   5.774
   0.110
 -15.954
  -7.952
  -1.002
  -6.381
   3.828
   3.209
   0.755
   7.793
  16.637
   8.845
  -1.925
  -5.244
   2.345
   1.126
   3.432
  24.153
  -3.228
  -2.448
  -6.192
  -6.887
 -15.403
   5.722
 -21.793
   3.202
  -4.738
  -4.527
   6.838
  -3.303
   5.819
   3.071
  13.422
  12.202
  17.593
  -0.375
  -1.202
  -1.000
  -0.768
   1.821
  -0.366
   0.407
  -0.069
   1.953
   3.369
  12.793
  -3.695
  15.260
   4.399
   5.900
   3.879
  -0.064
   8.179
  -4.450
   8.548
   4.957
  -1.732
   4.465
   4.537
   3.533
  -2.241
   0.156
   6.723
 -11.698
  -2.754
  -5.442
   0.746
   4.073
   7.284
  -1.247
  -1.922
   6.213
   1.592
   2.858
  -7.246
  -1.410
   0.435
   0.960
   3.714
   0.828
   0.812
  -0.256
  -0.866
   3.832
  -1.368
  -2.508
   4.593
   9.126
   8.094
   2.634
   0.277
  -3.108
 -13.606
  -2.560
 -10.771
   8.176
  11.635
   2.385
   6.820
  -2.609
  -4.637
  -8.622
  -5.327
   7.143
   3.985
  -0.943
  -0.423
   3.405
  -2.584
  -6.223
   5.061
   7.026
   1.226
   0.318
  -3.720
   8.558
   2.987
   6.083
   9.256
   4.463
   2.583
   2.230
   0.029
   4.969
   0.600
   2.698
  -0.102
   3.114
   2.441
  -2.342
   0.474
  -0.546
  -0.105
  -2.713
  -4.850
   0.244
   3.358
  -2.898
  -5.028
   4.505
  -2.964
  -6.028
   6.899
  -3.403
  -0.722
  -5.616
   1.029
  -1.402
  -6.125
  -4.216
   8.816
  -0.561
   0.348
   2.242
  -0.489
   2.783
  -0.450
   1.113
   3.227
   0.854
   2.511
   2.384
   0.828
  -4.448
  -2.565
  -0.784
   0.199
   0.326
  -0.098
   4.612
   0.262
   3.901
  -9.826
  -1.102
  -0.613
   5.349
   9.710
   3.162
   2.336
  -8.842
   5.933
   2.544
  11.268
  -1.301
  -1.938
  -1.902
  -0.719
  -3.447
   0.021
   4.189
   4.801
   1.848
  -5.130
  -0.343
   3.314
   5.510
   1.062
  -0.538
   2.260
   2.736
  -4.807
  -3.328
  -0.424
   6.749
  -1.212
   0.880
   0.321
   0.457
   0.026
   0.175
   0.083
   0.389
   0.245
   0.262
   1.469
  -0.356
  -1.730
  -2.181
   1.597
   1.898
  -0.171
   0.686
   1.346
   3.905
  -0.454
  -0.470
  -0.428
   1.182
   0.613
   1.163
  -0.002
   0.643
   0.656
  -5.189
   4.678
   8.446
   8.157
   0.454
   1.373
  -3.723
  -2.193
  -6.769
  -6.495
  -4.128
   5.745
  -1.083
   1.972
  -1.750
  -0.613
  -0.881
  -3.659
  -3.478
  -5.000
  -0.980
   1.684
   0.995
   3.134
   2.490
  -2.923
  -4.529
  -2.157
  -2.465
  -2.929
   2.023
  -7.572
   4.307
  -5.155
   4.430
   5.202
  -2.338
   2.469
   3.033
  -0.444
  -2.331
  -1.134
  -2.043
   4.394
  12.600
  -7.192
  -0.177
   4.077
  -6.182
   1.427
   0.499
  -1.392
   0.761
  -4.559
  -4.961
  -3.219
   3.653
  -5.756
   3.906
  14.816
   3.336
   4.610
   5.093
   2.171
  13.078
 -14.590
   3.800
  -1.916
   1.681
  -1.364
  -1.920
  -1.759
   1.872
   2.715
  -1.580
  -1.151
  -1.333
   1.820
   1.453
  -0.723
  -1.438
  -6.233
  -0.644
  13.176
  -7.119
   6.530
  -1.401
   7.933
   6.742
   7.472
   2.661
   6.005
   2.310
  -1.825
   1.437
  -2.293
   2.874
   0.521
   2.720
  -1.076
  -2.049
  -1.335
   0.347
   5.964
  -1.173
   1.095
   1.264
  -2.199
  -0.698
  -0.885
   9.186
 -13.603
  15.189
   9.903
   4.978
   1.411
  -2.814
  -1.978
   0.343
   6.641
  -1.908
   5.611
  -7.348
  -0.369
   1.717
   1.240
  -5.428
   4.124
   2.331
   2.728
   3.580
   4.289
  -4.185
   1.505
  -0.204
  -2.090
  -3.729
  -0.101
  10.930
   0.536
   3.618
   4.512
   0.785
   2.075
  -0.902
   2.079
   0.970
   5.248
  -8.328
  -5.571
   6.026
   5.882
   4.162
   0.927
  -3.384
  -6.836
 -11.632
  -1.942
  -2.716
  -0.740
  -1.309
  -0.481
  -7.302
  -3.263
  -4.262
  -5.779
   5.699
  -1.829
  -1.592
  -0.036
   0.300
  -0.555
   4.596
   1.143
  -3.268
  -2.491
   0.658
   3.819
  -1.738
   1.889
   0.654
  -7.206
  -9.281
  -4.998
  -2.483
  -6.098
   0.684
  -2.005
   5.280
   4.095
  -0.124
  -6.015
   0.358
  -4.890
   0.560
   3.516
  -1.190
   2.135
  -1.269
  -1.847
  -3.591
   3.617
  -3.262
   0.560
   2.478
   2.397
  -3.122
   0.238
   0.075
   0.742
   0.092
  -1.127
   0.503
   0.226
  -1.423
  -1.384
  -1.388
   1.414
   1.704
   0.681
  -0.419
   2.716
  -3.060
   1.475
  -6.643
  -5.272
  -0.976
   0.726
   4.250
   4.614
   1.100
  -1.195
   3.032
  -1.224
   4.912
   1.924
  -4.313
  -2.980
   1.271
  -0.785
  -0.299
  -4.292
  -4.676
   0.573
   5.033
  -6.730
  -6.078
   6.001
  -2.275
   6.421
  -1.964
  -3.046
  10.004
   0.699
  -2.981
   2.314
   3.140
   2.196
  -9.954
  -0.958
  -0.645
  -4.589
  -5.488
  -4.554
  -0.791
  -2.600
  -0.081
  -4.736
  -3.821
   2.136
   1.150
   0.258
  -2.836
   0.694
  -1.328
  -4.401
   8.084
  -1.677
  -6.555
  -0.782
  -1.706
  -2.083
  -3.201
   7.510
   0.971
   3.409
   3.903
  -0.923
  -1.507
   1.541
   0.702
  -0.937
  -5.205
  -2.062
  -7.609
   2.358
   9.240
  -1.544
  -0.574
   3.001
  -0.809
  -0.128
   1.579
  -2.399
  -7.163
   2.567
   2.796
   4.207
  -3.447
  -0.545
  -1.245
  -0.043
   1.454
   8.184
  -8.904
   3.069
   8.661
   6.569
  -1.276
  -6.641
   1.415
   2.089
   4.161
   0.983
  -3.056
   0.188
   6.643
   1.297
  -3.407
  -2.405
  -1.426
  -0.289
  -0.482
   0.328
  -0.803
   3.158
   4.849
   1.320
   2.827
   1.931
   1.948
  -0.692
   1.833
  -0.964
  -1.513
   0.101
  -1.182
  -1.472
  -1.123
   1.324
   0.401
  -2.664
   0.797
   1.769
   3.694
   1.726
  -1.423
   0.892
   7.237
  -2.165
  -0.037
  -3.954
   2.199
  -1.353
   2.849
  -2.100
  -0.113
  -4.820
   0.291
   0.324
  -0.217
   1.531
  -0.856
  -0.772
  -0.208
   0.452
  -1.361
  -1.777
   1.408
   0.691
  -5.101
   2.593
   1.436
  -3.497
   1.185
  -2.562
  -5.441
   0.528
  -1.676
  -1.218
  -6.484
  -0.667
  -2.906
  -6.221
  -3.339
   3.577
  -0.818
   0.834
  -0.585
  -1.573
  -0.671
  -1.894
   0.206
   3.158
  -1.797
  -6.961
  -0.534
   1.472
  -1.781
   6.005
   1.017
   7.199
  -8.871
   2.076
   2.627
  -1.348
   4.108
  -0.341
  -5.448
   1.470
  -3.621
   0.059
  -4.311
   3.101
   2.352
  -0.609
   4.617
  -1.573
   0.504
   0.031
  -1.602
   3.766
   1.998
  -2.436
  -0.099
   0.107
   1.871
   0.662
   0.026
  -3.535
  -3.505
  -1.992
  -4.125
  -1.585
   4.461
   2.201
   3.227
   0.502
   0.364
  -0.047
  -0.449
   1.394
  -2.028
  -2.335
  -5.625
   2.548
   2.542
   0.951
   2.807
   0.763
   4.284
   0.206
   1.539
  -0.157
  -2.371
   1.841
   3.191
  -1.558
   0.283
  -3.810
   2.974
   1.255
   2.063
   0.243
  -4.495
   3.726
   1.622
   3.872
   0.410
   9.385
  -0.366
   2.903
   5.760
   1.130
  -1.739
   2.954
  -4.827
   0.246
   3.456
   0.717
  -1.031
  -2.479
   1.723
  -8.811
  -0.936
   1.354
  -2.567
   6.482
   2.418
  -0.423
   2.027
  -0.418
   3.113
  -1.569
   0.438
  -0.832
   1.140
   2.168
  -3.006
   2.947
  -5.451
   2.158
   5.127
   0.684
  -0.049
  -1.905
   0.208
   2.165
   0.377
  -0.964
  -2.643
 -12.674
  -3.560
  -4.455
   0.422
  -0.298
  -0.038
  -0.261
  -0.626
   0.684
  -3.580
   4.758
  -4.702
  -0.250
   0.108
  -0.068
   5.277
   0.130
   2.614
  -0.270
   3.829
  -0.063
  -4.192
   0.517
   2.971
  -0.579
   0.599
  -1.700
  -0.334
   4.233
  -5.996
   4.026
  -0.480
  -1.362
   0.070
   0.246
   0.881
   0.047
  -2.840
  -1.419
   0.069
   1.777
   0.060
   0.233
   0.926
   0.426
  -3.275
  -4.877
   0.555
  -0.032
   3.207
   0.404
  -3.600
   0.614
  -7.200
   0.675
   0.140
   0.161
  -7.345
   3.150
   1.705
  -4.712
  -1.096
  -9.280
   0.387
   4.245
  -5.886
  -4.118
  -1.195
   0.347
   0.906
  -3.083
  -2.154
   0.673
   4.335
   1.556
  -1.337
  -7.423
  -0.353
  -1.052
  -1.318
  13.518
  -0.877
   0.866
  -1.158
   4.622
   0.131
   0.268
  -2.813
  -0.113
   0.008
   4.103
   5.082
  -0.034
  -1.288
  -0.184
   2.030
  -5.524
  -0.104
   0.030
  -1.142
  -0.219
   4.271
   8.315
   2.288
   5.332
   0.242
   3.391
   4.797
   0.132
  -1.635
   0.070
  -4.177
  -3.741
   3.379
  -0.062
  -0.052
   4.297
   2.638
   0.127
   0.003
  -4.270
  -0.011
   0.067
 -11.162
   1.079
  -2.687
   0.002
   5.867
  -1.766
  -0.916
   0.206
   9.323
   3.834
  -0.003
  -0.548
  -0.063
  -0.055
  -5.901
  -5.140
