   0.064
   0.437
   0.021
   0.100
   0.417
  -1.367
  -0.043
   0.512
  -0.494
   0.588
   3.983
  -0.288
  -3.194
   1.104
   3.924
   0.187
   1.962
   0.794
   0.157
  -0.122
   0.687
   0.191
  -0.047
  -0.094
   0.546
  -3.534
  -1.193
  -4.833
   0.736
  -6.173
  -4.289
   0.645
  -1.611
  -0.199
  -1.316
  -1.046
   0.311
  -1.410
   0.626
   0.506
  -0.257
   3.548
   1.466
  -0.514
   0.538
  -0.591
  -1.180
  -1.723
   1.128
   0.595
   2.772
   3.898
  -2.773
   2.141
   0.745
   0.299
   3.860
  -1.783
   0.095
  -0.676
   0.154
   2.776
   2.210
   2.870
   1.223
  -0.013
  -0.862
   3.319
  -0.922
  -0.198
  -0.836
  -0.302
  -1.554
   1.865
   1.333
   1.185
  -1.112
   0.693
  -1.717
   1.275
  -0.957
   1.298
   0.213
   1.100
   1.400
  -0.639
  -3.538
   1.474
   1.893
   2.003
   1.676
  -1.839
  -0.374
  -0.878
   1.093
   2.963
  -2.820
  -2.178
   0.324
   3.063
  -0.584
   5.292
  -7.102
   0.802
  -1.824
  -0.921
  -0.056
  -1.562
  -1.911
   3.311
   1.284
   1.188
   0.812
   1.273
  -1.671
  -0.542
   6.251
  -0.491
  -0.076
   3.089
  -4.024
   2.650
  -0.202
   0.888
  -1.853
   0.101
   0.044
  -1.332
  -2.732
  -2.601
   2.016
  -1.171
   1.638
  -3.523
  -2.991
  -0.469
  -0.850
   4.482
  -8.802
   0.358
  -2.969
   4.580
   0.959
  -0.076
  -0.907
   1.777
  -2.396
   1.633
  -1.966
   0.457
   1.809
   2.167
   5.596
   7.004
  -0.299
  -3.467
  -5.109
  -0.087
  -0.124
   0.017
  -3.737
  -0.038
   3.465
  -0.199
  -0.336
  -0.595
   3.474
  -1.732
   2.659
  -0.511
  -0.947
   0.053
  -0.612
   1.464
   2.215
   1.892
  -0.335
   0.907
  -2.324
  -5.638
   4.552
   2.602
   1.860
  -0.451
  -0.317
   7.268
   0.731
   2.022
  -0.507
  -0.894
  -4.328
  -9.254
  -3.825
   8.325
  -4.795
  -0.811
   6.143
  -3.612
   0.402
   0.600
  -0.581
  -1.749
   3.879
  -4.302
  -6.263
   4.006
  -2.511
  -2.719
  -7.055
   6.888
   5.834
  -6.051
   8.721
   4.430
   5.923
   0.810
  -2.754
   1.744
   0.980
  -2.787
  -3.553
   6.225
   2.079
  -1.019
  -2.661
  -3.214
   3.042
  -2.489
   1.164
   2.546
   0.503
   0.786
  -0.201
  -2.352
  -0.508
   5.924
   1.129
   2.118
  -3.595
   2.927
   3.034
   0.400
   8.313
  -0.484
   4.565
  10.430
   5.403
  -6.555
  -1.423
   2.788
   6.863
  -4.333
   4.129
   5.724
  -1.943
   3.215
  -3.449
  -2.220
   4.308
  -5.518
  -0.005
  -0.376
   1.133
  -5.974
   7.116
   4.946
   0.096
   2.377
   1.559
   2.308
  -1.951
   8.423
  -1.659
  -0.302
  -0.509
  -0.468
  -6.373
  -1.665
  -4.384
   1.255
   6.745
   0.164
  -2.247
   0.430
   0.961
  -1.828
   3.387
   6.097
   0.815
   3.579
   0.230
   1.533
   3.713
   0.298
  -1.226
   0.982
   0.584
   1.309
   6.263
   0.751
   0.559
   6.100
 -10.937
   1.767
  -4.426
  -0.872
  -2.039
  -0.574
  -6.063
  -1.229
  -1.699
   1.084
  -0.467
   3.565
   0.745
   0.871
   0.028
   9.314
   2.739
   3.090
  -0.799
  -4.458
   2.535
   3.042
   4.263
   0.507
   3.312
   3.267
  -5.409
   0.139
  -0.199
  -1.155
   0.215
  -1.467
   0.158
  -1.324
   5.365
   5.529
   2.123
  -0.833
   0.070
   2.100
  -5.862
   2.717
  -2.220
   2.801
   0.656
  -0.512
  -0.618
  -0.969
  -2.067
  -2.289
   7.742
  -4.147
   0.288
   0.110
  -0.819
   5.195
   2.364
   1.642
  -8.023
  -1.699
   0.257
  -0.346
  -1.308
   0.117
   7.866
  -2.294
   0.834
   1.588
   0.218
   1.085
  -2.022
  -0.103
   0.318
  -0.212
   1.672
   3.927
   5.102
  -1.345
  -3.175
  -1.380
  -1.180
  -2.812
  -2.142
  -0.076
   0.439
   1.415
   0.803
  -1.107
   1.688
   0.063
  -2.314
   2.065
   4.977
  -2.595
   3.344
   0.504
  -2.608
   2.571
  -0.733
  -3.387
   0.415
   0.652
   4.761
   2.569
   2.647
  -2.200
  -1.860
  -3.036
  -0.750
 -16.202
  -8.938
  -7.095
  -3.663
  -5.324
   1.287
  -0.519
  -6.235
   4.321
   0.975
   0.310
  -3.596
   0.854
   0.149
   0.513
   1.496
   0.272
  -1.901
  -0.378
   4.955
   4.657
   3.729
  -3.853
   2.544
  -0.619
   1.305
  -9.875
   1.795
   6.649
  -2.924
  -0.503
  -9.702
  -1.455
   1.837
   1.483
  -1.675
  -0.170
  -1.210
   1.481
   0.830
  -2.794
  -3.026
  -1.996
   3.150
  -7.648
 -10.548
   1.400
   2.069
  -5.475
  -2.027
   3.737
   8.428
   2.036
  -1.216
  -4.877
   3.132
   9.624
   1.424
   1.909
  -1.218
  -5.246
 -14.703
   2.910
  -1.501
  -0.267
  10.652
   7.263
  -4.622
   1.880
  -9.781
  -2.377
   0.268
  -0.476
   0.670
   2.424
   1.197
   1.089
   0.792
   0.083
   4.790
  -1.408
   0.180
  -7.129
   1.627
   6.003
  -3.227
  -1.091
  -0.967
   0.024
  -1.096
   4.649
   3.156
   2.445
   1.449
   4.057
   3.611
  -0.833
   2.604
  -1.083
   3.007
   1.692
  -1.195
   3.605
  -1.625
   6.675
   0.524
  -3.702
   2.185
   2.982
   0.432
  -0.654
   0.895
   1.196
   0.523
  -0.325
   0.127
   1.239
  -5.780
   1.854
   0.366
   1.977
  -3.178
   5.686
   1.159
  -2.234
  -3.703
   1.736
   0.210
   2.303
  -3.433
  -2.655
   0.227
   1.009
  -1.832
  -0.384
   1.296
   2.222
  -0.021
   7.559
   3.837
   3.791
  -0.537
   2.303
   0.648
   3.059
  -1.154
   2.145
   6.845
   2.345
   3.243
   0.062
   1.110
   4.243
   0.615
   1.013
  -5.392
   4.163
  -1.164
  -2.352
  -0.544
   0.538
   1.941
  -2.777
   2.212
  -1.351
  -0.016
   0.285
   0.193
  -0.248
  -0.153
   0.262
  -0.162
  -0.930
   2.742
   1.005
   0.958
  -1.158
  -3.364
  -4.588
  -0.366
  -0.396
   5.672
   6.301
   3.169
   4.756
   0.837
   0.824
   1.693
  -1.727
   0.822
  -3.954
  -0.664
  -0.313
  -3.055
  -1.089
  -1.607
  -0.165
   2.498
   0.413
   3.237
  -0.940
   1.539
   4.218
   1.750
  -0.242
  -0.280
   1.067
  -1.095
  -2.012
   0.251
   0.563
  -0.436
   7.074
   2.409
  -2.230
  -2.095
   1.268
   0.637
   2.672
   3.267
  -2.185
   5.462
  -3.115
  -1.074
  -1.280
  -0.914
  -0.539
  11.236
   0.214
  -8.769
  -0.871
  -5.277
  -3.951
   1.863
   2.257
   7.654
   0.054
   5.283
  -0.117
   0.273
   2.053
   3.716
   0.737
  -2.770
  -3.772
  -0.716
   1.446
   0.974
  -1.774
  -1.358
  -0.969
   2.164
   1.142
  -3.725
  -9.421
  -1.345
  -0.391
   0.085
  -3.268
   0.279
  -4.800
   6.939
  -3.811
  -0.872
   0.731
  -0.824
  -2.805
   1.137
  -5.036
  -5.762
  -1.935
  -1.539
   3.420
  -1.187
  -1.657
  -2.896
   0.126
  -1.378
  -0.526
  -3.031
   1.409
   0.736
   4.542
  -3.236
  -2.575
   9.494
   1.325
   6.820
   6.321
  -1.839
  -1.247
   4.668
   3.034
  -7.739
   4.006
  -4.633
   5.951
  -2.082
  -2.264
   0.711
  -0.151
   0.738
   0.565
  -0.093
   1.323
   2.236
   2.178
   2.174
   0.622
  -1.130
   1.851
  -3.993
   3.188
   2.743
   3.506
   2.965
  -1.745
  -8.058
  -3.067
  -1.271
   0.497
   1.034
  -2.318
   3.346
   3.569
   1.571
  -2.117
  -2.090
   2.945
   3.916
   2.499
   1.598
   0.837
  -0.442
   3.503
  -1.875
  -0.076
   3.425
  -0.415
  -1.339
  -2.874
   3.992
  -1.278
  -3.083
  -3.714
   2.492
   2.375
   0.063
   1.829
  -1.577
   0.676
  -1.890
   3.228
   1.243
  -2.662
  -2.653
   3.326
   5.394
  -2.737
   0.636
  -1.242
   1.657
   4.594
  -1.817
  -7.017
   3.097
  -3.269
   0.459
   4.093
  -0.039
   0.690
  -3.763
   2.795
  -0.184
  -2.258
   2.383
  -1.301
   0.476
   1.665
   4.155
   1.545
  -1.070
  -4.756
  -4.567
  -3.907
   3.509
   0.771
  -4.980
  -4.624
   0.783
   6.577
  -3.699
  -2.562
  -5.337
   3.445
  -0.676
   0.458
  -0.661
   1.741
  -2.368
   0.889
  -4.669
   0.922
  -0.518
   2.351
   2.978
   4.324
  -1.973
  -1.436
  -0.896
  -2.342
  -0.264
   0.590
   0.676
  -0.324
  -2.299
  -4.120
   7.324
   2.093
   4.198
  -0.518
  -4.252
   8.117
  -2.472
   1.194
  -3.474
   3.753
   4.858
  -2.211
  -3.618
  -8.478
   1.182
   4.590
  -4.981
  -2.949
  -0.728
   1.234
  -2.740
  -3.613
   5.401
   3.328
   5.535
  -2.762
  -1.032
   2.181
  -1.910
   1.604
  -0.363
   1.272
  -0.754
  -4.415
   4.225
   0.732
  -1.041
   4.061
   1.149
  -0.720
  -0.282
   1.983
   4.041
   6.379
   3.839
   7.196
   2.647
   4.445
  -9.117
   1.730
  -0.401
   2.053
   3.848
  -2.694
  -0.073
  -1.399
   0.969
   2.966
  -5.574
  -0.867
   1.982
  -3.542
   0.099
   4.208
  -1.403
  -0.912
   3.360
  -1.910
  -0.507
  -0.763
   0.407
  -3.452
   1.214
  -0.262
  -2.783
   5.588
   0.143
  -4.284
   9.187
   0.248
   0.963
  -3.592
   4.883
  -3.167
   3.440
   1.229
   6.026
   0.441
  -3.360
  -1.062
   5.226
   3.401
   2.299
   1.455
  -0.779
  -1.394
   0.316
  -3.464
  -5.858
   5.929
   2.278
  -0.164
   0.404
   0.141
   0.532
  -0.785
  -1.188
  -1.125
   1.452
  -2.214
   2.823
  -0.027
   1.532
   0.398
  -3.997
   2.799
   2.761
  -0.737
  12.019
  -8.792
   0.778
   2.911
  -0.189
   1.066
  -2.195
   2.868
   2.873
   2.295
   3.198
   4.394
   1.291
   2.055
  -2.656
   0.606
   4.867
  -7.388
   0.688
   3.788
   0.015
  -6.318
  -1.807
  -5.002
   1.254
   1.144
  -1.163
  -9.591
   2.564
  -4.635
   1.786
   3.047
  -2.321
   0.414
  -0.218
   3.657
   3.151
  -1.666
   1.138
   3.823
  -0.627
   0.792
  -1.576
   3.296
  -1.451
   1.734
   1.682
  -0.970
   0.366
  -1.690
   2.128
   0.150
   1.311
   0.270
  -0.312
  -1.548
  -7.503
  -3.056
  -2.178
   1.344
   1.728
  -5.305
   0.311
   1.713
  -0.154
   0.554
  -0.993
   2.288
   2.687
  -1.866
  -1.769
   8.395
   8.346
  -0.482
   2.923
   1.440
  -1.291
   1.623
  -6.590
   2.993
   4.606
  -0.090
   6.121
   0.404
  -0.384
   2.609
  -1.550
   2.474
   2.669
  -0.153
  -5.603
  -1.809
   0.901
  -3.320
   0.674
  -1.745
   6.047
  -4.830
  -1.278
  -0.063
  -1.265
   0.574
   0.046
  -2.063
   1.110
   2.887
   0.524
   1.190
   0.947
   2.134
   6.179
   1.490
   1.162
   1.595
  -7.861
  -2.836
   3.830
   1.942
  -2.335
   9.612
   3.696
   3.295
  -2.150
   2.532
   1.187
  -1.543
  -1.456
   1.932
   0.504
   1.050
  -3.682
   2.277
   1.790
   5.955
   0.594
   1.528
  -2.471
  -0.813
  -2.100
  -0.533
  -0.286
  -1.945
  -6.881
   3.304
  -0.251
  -2.867
   1.774
   3.142
  -1.255
   0.573
  -2.287
   0.222
  -2.431
  -7.523
   1.217
  -4.652
   4.505
   1.834
   0.990
   0.542
   1.511
   0.201
   1.086
  -0.744
   3.158
   1.385
  -1.075
  -0.711
   0.299
   4.862
   2.104
  -0.386
  -0.665
   0.501
  -8.009
   0.213
   3.865
   6.025
   3.424
   1.163
  -0.359
  -5.500
  -1.183
  -3.908
  -4.774
  -2.139
  -0.035
   0.551
   2.321
  -2.449
   0.503
   0.727
  -1.504
  -3.933
   0.120
   0.157
  -0.411
   0.274
   6.277
   3.043
   1.242
   0.207
  -1.557
  -0.000
  -5.059
   0.002
   0.746
   1.227
   0.188
   0.096
  -0.598
  -4.205
   0.101
  -5.959
   0.969
   0.258
   0.057
   3.114
   0.444
  -2.791
   0.590
  -0.496
   0.043
  -3.483
   0.301
   3.555
   0.605
   1.077
  -3.374
  -0.703
   1.422
  -2.290
   3.474
  -0.686
   4.829
   1.818
  -0.455
   1.756
  -0.342
  -2.152
   2.331
   0.094
  -3.183
   0.174
  -0.356
  -6.234
  -0.267
  -0.576
   2.833
  -0.036
  -0.182
   2.175
  -0.044
   6.142
   0.496
  -8.705
   1.969
   0.578
  -0.057
   2.983
  -3.145
   1.152
   4.203
   0.373
   1.156
  -0.072
  -3.087
   4.904
  -7.985
  -1.791
   0.770
  -6.138
   7.773
  -6.326
   0.205
   2.727
  -2.288
   0.685
   2.344
   0.105
  -0.156
  -0.746
   0.753
  -0.133
  -3.413
  -0.745
   5.714
   0.040
  -0.031
   2.304
  -0.053
   0.047
   1.226
   2.002
  -0.304
  -6.410
  -0.123
   0.239
   2.781
   0.016
   0.022
  -1.772
  -0.386
  -0.448
  -0.160
   8.167
   1.818
  -0.094
  -3.291
  -4.844
  -0.052
   0.077
  -0.203
  11.077
   5.584
  -1.343
  -0.054
  -0.107
   7.479
  -1.165
   0.034
  -0.004
  -1.429
   1.724
   0.033
   0.045
   6.104
  10.511
   0.001
   7.847
  17.768
  -4.321
  -0.037
  -7.580
  -7.383
   0.037
   9.694
   1.206
   2.000
   5.487
 -11.214
