   8.5550354582291047E-003
   9.9729436664007381E-003
   1.8509665498127510E-002
   2.7189754283506951E-002
   3.1802327292712283E-002
   3.2350199964923450E-002
   3.4115066978706143E-002
   3.8040534380195334E-002
   3.9015098418222344E-002
   4.0796882503210771E-002
   4.2132575595041730E-002
   4.3917896445023648E-002
   4.5329523864723539E-002
   4.6905127126609034E-002
   4.6962248422284400E-002
   4.7897970172711413E-002
   4.8552232112340381E-002
   4.9816105736443933E-002
   5.0591829348919440E-002
   5.2314138330887550E-002
   5.3438090549777238E-002
   5.3800401591966328E-002
   5.5636888674394230E-002
   5.6447976844959079E-002
   5.6878039456829795E-002
   5.7274341729818011E-002
   6.0044486447773937E-002
   6.0592755991969789E-002
   6.1998177598231119E-002
   6.2692527682803756E-002
   6.3320399477469827E-002
   6.4440464519333204E-002
   6.5403621031864950E-002
   6.6233111344727258E-002
   6.7667049900183393E-002
   6.7859048915165421E-002
   6.8238086574975848E-002
   6.9622467094688861E-002
   7.0355736315110773E-002
   7.0369229962885388E-002
   7.2202412088764364E-002
   7.4621112463930772E-002
   7.5038159775727406E-002
   7.5383077260661013E-002
   7.5968492768420159E-002
   7.6903306581413380E-002
   7.7005957253587221E-002
   7.8229462036713285E-002
   7.8370694496367591E-002
   7.9312079552118081E-002
   7.9917066206942125E-002
   8.1336850966009538E-002
   8.1595015012132802E-002
   8.2312931990248375E-002
   8.2971481670224542E-002
   8.3818555069554365E-002
   8.4569770741684397E-002
   8.5210105369683681E-002
   8.6019495799264586E-002
   8.6580599047385159E-002
   8.7430152955602178E-002
   8.7979036232156832E-002
   8.7983622292531968E-002
   9.0858973555911382E-002
   9.1155472029564144E-002
   9.2037647678526069E-002
   9.2043890147290752E-002
   9.2249618523477794E-002
   9.2656517845531416E-002
   9.4513248939004424E-002
   9.6092319899812206E-002
   9.6523075168822095E-002
   9.6665814851199572E-002
   9.6850471220358197E-002
   9.7003039634909638E-002
   9.8396086226561583E-002
   9.8631570217640047E-002
   9.9193367475619326E-002
   9.9854024094859689E-002
  0.10011537606682262     
  0.10192367528041367     
  0.10194547730294318     
  0.10228900421784000     
  0.10244055834078707     
  0.10335977957671447     
  0.10412133661400551     
  0.10443691274885816     
  0.10464685978629884     
  0.10478534693175444     
  0.10511155104826797     
  0.10526398383320736     
  0.10588531032470951     
  0.10644497748276954     
  0.10656438931504003     
  0.10689562648812005     
  0.10724301247555407     
  0.10789413917970561     
  0.10886664906697617     
  0.10922458813400965     
  0.10990469547327125     
  0.11052386635525648     
  0.11103647312035329     
  0.11158707797576067     
  0.11225081349981061     
  0.11245138042435805     
  0.11303625909048200     
  0.11325017546008308     
  0.11332507211759973     
  0.11389255786556944     
  0.11411189118231151     
  0.11433759306024324     
  0.11537447605624418     
  0.11658680666075068     
  0.11770021888840734     
  0.11814854779442034     
  0.11873021289999286     
  0.11882867977950434     
  0.11899739745132459     
  0.11937880541832581     
  0.11941480622582464     
  0.11965609316780156     
  0.12051714850287043     
  0.12077025167471508     
  0.12083202096165471     
  0.12171567095729291     
  0.12216683220563766     
  0.12334860288020902     
  0.12335064743486551     
  0.12428437485419340     
  0.12529036991326559     
  0.12581669919149166     
  0.12634038456176042     
  0.12658465027865246     
  0.12737328882582494     
  0.12782986550302339     
  0.12881323618092050     
  0.12895366146705300     
  0.12957657074133175     
  0.12965087725859098     
  0.13005109657919456     
  0.13048060914279699     
  0.13082543195274388     
  0.13142735710010889     
  0.13172822517304694     
  0.13215640263906533     
  0.13252203383642294     
  0.13293826133625902     
  0.13318359227352769     
  0.13368423457106696     
  0.13436358660471789     
  0.13478600078487299     
  0.13494247684977659     
  0.13543557770428458     
  0.13544584722579384     
  0.13620912584241474     
  0.13704245950585986     
  0.13718026091723134     
  0.13721411669504813     
  0.13776867139023288     
  0.13799111658883667     
  0.13861704775551906     
  0.13945164062425378     
  0.13947042669907944     
  0.13986880595180248     
  0.14013243700851433     
  0.14056353857474382     
  0.14068303014889094     
  0.14103417034405599     
  0.14134421829413985     
  0.14141401907737072     
  0.14157083562517486     
  0.14189824594048495     
  0.14201633985051210     
  0.14261072126758209     
  0.14317852228810810     
  0.14354505061701375     
  0.14430916980372033     
  0.14447797530340867     
  0.14462127709168027     
  0.14478380830228618     
  0.14491596616492533     
  0.14539986761234366     
  0.14589096135061849     
  0.14604266230552088     
  0.14657457365978621     
  0.14671924485079876     
  0.14713434707502004     
  0.14731378798906219     
  0.14744319250323229     
  0.14749628407865886     
  0.14789750404078625     
  0.14834542428806916     
  0.14931077477887700     
  0.14937219351122041     
  0.14964334510041030     
  0.14989155749205560     
  0.15013091518481100     
  0.15024283385103729     
  0.15070227347931883     
  0.15107526712093411     
  0.15126692886295440     
  0.15139364124016930     
  0.15191105082114706     
  0.15197675990107357     
  0.15216663246260770     
  0.15228953824155048     
  0.15293074742766438     
  0.15321266873968922     
  0.15337265017584034     
  0.15345911803115755     
  0.15375608095455270     
  0.15415334319925050     
  0.15421643225248469     
  0.15448528950844478     
  0.15481976107574652     
  0.15527692716147895     
  0.15576447965315854     
  0.15601778093244820     
  0.15649356138072842     
  0.15667496487558383     
  0.15692136701611595     
  0.15713714749532381     
  0.15732600383610543     
  0.15746433775926544     
  0.15789150115746703     
  0.15834989772045427     
  0.15871699243261492     
  0.15875959683650986     
  0.15946949418526279     
  0.15954419275824896     
  0.16061010801366382     
  0.16076735095634792     
  0.16091375409414266     
  0.16104430149702026     
  0.16137105353679396     
  0.16178525509792269     
  0.16219675362826080     
  0.16241901204646877     
  0.16259287779332385     
  0.16323309406044714     
  0.16330829564387761     
  0.16370180385285590     
  0.16398128670466514     
  0.16409434431773057     
  0.16428629753380861     
  0.16465953547123416     
  0.16481232486357481     
  0.16491820162941870     
  0.16511332968096748     
  0.16561421357859529     
  0.16566023826252843     
  0.16592175533240716     
  0.16608425099838678     
  0.16658679211150532     
  0.16678495532219906     
  0.16694572376874592     
  0.16707714568362966     
  0.16750298899583438     
  0.16803831819209977     
  0.16823900816970994     
  0.16862501454190884     
  0.16871871128083873     
  0.16892952290583338     
  0.16904008621362615     
  0.16923245937725331     
  0.16951991481301287     
  0.16975513739208803     
  0.16999144908632685     
  0.17032927065387099     
  0.17052940396460764     
  0.17091452264545598     
  0.17117499309478279     
  0.17124965659405469     
  0.17153190664018775     
  0.17166248698806788     
  0.17213133143991682     
  0.17249481186163718     
  0.17257507743374462     
  0.17263181627724483     
  0.17297560102170814     
  0.17320235572779868     
  0.17329602207047967     
  0.17351945219921697     
  0.17386510689682649     
  0.17409365709149366     
  0.17411546506799447     
  0.17438178719450287     
  0.17474958960544315     
  0.17491463756827083     
  0.17508502072540727     
  0.17543814428750357     
  0.17596471765074742     
  0.17608560801983483     
  0.17700512542715494     
  0.17724656728690816     
  0.17759571427023946     
  0.17802848879159333     
  0.17824778843013170     
  0.17876896890306657     
  0.17891182453699347     
  0.17949493240582190     
  0.17957300348444064     
  0.18014997521711834     
  0.18023345684127767     
  0.18080610475312242     
  0.18105903936881559     
  0.18113087517440321     
  0.18135007503411668     
  0.18205814438548981     
  0.18259554336883124     
  0.18317273967694045     
  0.18358730553529681     
  0.18373027588367730     
  0.18397847330002648     
  0.18514124132056350     
  0.18525325782550311     
  0.18532137191200709     
  0.18537898740655914     
  0.18569509376215287     
  0.18684063520194572     
  0.18721380664127818     
  0.18760542086292986     
  0.18789399575758575     
  0.18816048760824361     
  0.18860118288562447     
  0.18908053015402254     
  0.18983315086679009     
  0.19006121657036099     
  0.19096887753532862     
  0.19122945227973884     
  0.19139763571855881     
  0.19157524870286177     
  0.19200493602887306     
  0.19228161344159336     
  0.19249430857852709     
  0.19355465211099021     
  0.19423003971014102     
  0.19445658427402623     
  0.19469763971738122     
  0.19506115345340536     
  0.19523519204919915     
  0.19564632450997335     
  0.19585517286637516     
  0.19665517888592501     
  0.19684737254255200     
  0.19744218969378213     
  0.19815142045835857     
  0.19848925370628059     
  0.19876737175923184     
  0.19914572367383021     
  0.19952307943934749     
  0.20024221756052729     
  0.20050712827007955     
  0.20126038257760076     
  0.20140940328251086     
  0.20226114977125617     
  0.20277339379920964     
  0.20322729590980415     
  0.20339382252175645     
  0.20366165908746742     
  0.20424310796658748     
  0.20474979075782007     
  0.20533930814060389     
  0.20584471398723397     
  0.20629948622636410     
  0.20664706100420455     
  0.20688364306898688     
  0.20742164465595533     
  0.20760229098941260     
  0.20779942396026232     
  0.20798097072473057     
  0.20856895909014223     
  0.20895911044203788     
  0.20938300684781791     
  0.20973670501676081     
  0.21144669770349445     
  0.21151035272810023     
  0.21249829801124678     
  0.21262048685239626     
  0.21271180767518080     
  0.21349819776408691     
  0.21363514639599945     
  0.21434525231079729     
  0.21458260462902951     
  0.21529166482430190     
  0.21564674310848075     
  0.21658876439063715     
  0.21692045191148987     
  0.21733411705299652     
  0.21741453628790916     
  0.21814747702944340     
  0.21822387570852575     
  0.21841483723140440     
  0.21972429629485538     
  0.22016727668426336     
  0.22035739064341400     
  0.22071386632030301     
  0.22093907345146904     
  0.22195530230208618     
  0.22224365727575127     
  0.22253410439674426     
  0.22292709980759637     
  0.22304067645061304     
  0.22360401401290436     
  0.22430957448765762     
  0.22439706408658716     
  0.22552223039645025     
  0.22650389254774403     
  0.22698876640651355     
  0.22797467211239841     
  0.22903856246179127     
  0.22905235314185521     
  0.22963799097435866     
  0.22982138232823621     
  0.23039729510500218     
  0.23183928868464207     
  0.23209045421388477     
  0.23260428437536262     
  0.23341971344201082     
  0.23380514111255074     
  0.23496842712241439     
  0.23603791987455841     
  0.23732196995475330     
  0.23736765261613399     
  0.23877686654874811     
  0.23987338200450431     
  0.24229383008729855     
  0.24253421785378873     
  0.24303673735785777     
  0.24399589749299080     
  0.24572246571411499     
  0.24611297952609673     
  0.24653856360809817     
  0.24794245510557306     
  0.24844207157143230     
  0.24854083919647268     
  0.24986429818475828     
  0.25090697718487520     
  0.25162192744054845     
  0.25256529021153601     
  0.25355031117973392     
  0.25463148070714547     
  0.25621964409739528     
  0.25694421468071149     
  0.25723939222558617     
  0.25795506179544653     
  0.25888513136182506     
  0.26124448518021520     
  0.26302126579532381     
  0.26401102077877003     
  0.26444402189969440     
  0.26574244294375005     
  0.26660795050529312     
  0.26714744315217526     
  0.26873561098638393     
  0.27063130959014203     
  0.27125649003187513     
  0.27373148281887311     
  0.27433369884324127     
  0.27445527716764784     
  0.27813055540584508     
  0.27867474945458015     
  0.28059981141478008     
  0.28182222016513153     
  0.28233584713589949     
  0.28354280249028585     
  0.28372586893627361     
  0.28703027658194574     
  0.28852238923695728     
  0.28923430095703379     
  0.29058281084690130     
  0.29566580310665219     
  0.29576353765379565     
  0.29761011666121079     
  0.29835517211297313     
  0.29921660308991366     
  0.30189029296219350     
  0.30190553559405503     
  0.30446931473008587     
  0.30494157242385522     
  0.30557492805444181     
  0.30813967288748439     
  0.30841342821146916     
  0.31211370109349040     
  0.31455048308560540     
  0.31528446486466127     
  0.31783078719500851     
  0.32242576697202879     
  0.32386715487702572     
  0.32476315930966621     
  0.32626244353385253     
  0.33092960382474268     
  0.33293799915136874     
  0.33604009320539618     
  0.33902103101059511     
  0.33935238697340270     
  0.34749437473833972     
  0.36090220901116721     
  0.36239031943648076     
  0.37211686927274223     
  0.37477464267258037     
  0.38216679979284218     
  0.39511379083680936     
  0.43662919284734492     
