[ 19.81682492  21.31050897  -1.04381066]
[ 18.70991609  20.33360614   2.46310629]
[ 16.75010704  17.31414193   1.29841687]
[ 19.41014552  16.13181878  -1.13812533]
[ 22.24893912  16.80066879   1.27052826]
[ 20.22386137  14.84351076   3.78811723]
[ 19.78543524  11.80719072   1.51275842]
[ 23.51125303  11.847832     0.89719247]
[ 23.91392995  11.38156989   4.641426  ]
[ 20.70581788   9.49860227   5.39066699]
[ 21.74928403   6.9632208    2.73027034]
[ 25.56880361   7.09892106   2.64496344]
[ 25.84461394   7.02403071   6.46542131]
[ 26.19695503   3.29037763   6.16113982]
[ 25.69033028   0.63531877   3.52206527]
[ 22.76379363  -0.32449855   1.30647931]
[ 20.19377252  -2.13425454   3.40791581]
[ 16.63353624  -2.93390782   2.37176403]
[ 15.50080853  -2.73350234   5.96036962]
[ 16.87154979   0.76647811   5.88941001]
[ 15.83537507   1.50542263   2.30814625]
[ 12.62312751   2.88916795   3.80782112]
[ 13.83035662   3.80214223   7.27757978]
[ 16.58766305   5.88061034   5.75813242]
[ 14.24424355   8.27006868   4.0070491 ]
[ 12.432563     8.50603768   7.32989659]
[ 15.66772248   9.69518354   8.88443369]
[ 15.98521583  12.08687415   5.95399312]
[ 12.57937259  13.39801871   6.84963754]
[ 13.77173456  13.99560002  10.36708381]
[ 17.03439776  15.38221756   9.02860515]
[ 14.97640361  17.53411043   6.63600591]
[ 12.42679853  18.80121251   9.10013739]
[ 15.13163854  19.50227631  11.68849976]
[ 17.11336564  21.43901584   9.10406275]
[ 14.14954474  23.46413138   7.93991027]
[ 13.47266345  24.43873116  11.51697178]
[ 17.09631999  25.36746068  11.95578243]
[ 16.78891932  27.68547645   9.00101957]
[ 13.28859484  28.7704469   10.01304546]
[ 11.81061621  29.79418159   6.70728133]
[  9.02712758  29.63406553   6.10606942]
[  7.25804259  27.99823454   9.00984469]
[  5.03684951  25.07471737   8.12338665]
[  7.14086506  22.61248652   6.20469509]
[  6.07220287  19.17752563   5.03835826]
[  8.64319267  16.56852011   4.18753451]
[  7.64317632  13.35696621   2.41783396]
[  9.52140952  10.75315208   0.41757096]
[ 8.63858293  7.64384629 -1.5581612 ]
[ 11.04737071   4.78087263  -2.23955477]
[ 11.0495886    2.87957257  -5.51468885]
[ 12.50186273  -0.60751026  -5.33549205]
[ 14.46811648  -1.64308489  -8.3258088 ]
[ 13.04673426  -0.93771283 -11.35274629]
[ 10.58032405  -2.35158916 -12.76986938]
[  7.62825366  -1.58472164 -10.71440908]
[  5.02171314   0.85229896 -11.72180407]
[ 3.90770414  3.32556441 -9.16668857]
[ 1.76741029  6.35826359 -9.66984362]
[ 0.60187508  8.82320489 -7.04346755]
[ -2.31343704  11.24127817  -7.17805537]
[ -3.1907582   14.29565172  -5.14991777]
[ -5.69788286  17.1073075   -5.23094682]
[ -5.2712087   20.06172794  -2.96668759]
[ -7.74177332  22.7884388   -2.14979489]
[ -6.51267877  26.24894315  -2.32480838]
[ -3.81392385  27.73918822  -1.10496899]
[ -1.61466447  30.352819    -1.81949398]
[ -0.17531879  30.31428899   1.61500055]
[  0.51472373  26.64157433   1.81164433]
[  2.18193755  26.21857313  -1.25833325]
[  4.9889814   24.88134976  -2.21295169]
[  5.30192931  21.3335401   -2.97970611]
[  8.60734205  20.4536676   -4.60016863]
[  9.62958006  16.87051021  -5.38204274]
[ 13.15157452  15.55463178  -5.95469843]
[ 14.12768556  12.2475415   -7.54896056]
[ 17.28614898  10.69561158  -6.22197639]
[ 18.93610898   7.66086513  -7.6876306 ]
[ 22.0990532    5.71834605  -6.97878583]
[ 22.3707699    2.48233773  -8.77247153]
[ 19.32960675   0.71572553  -9.02277714]
[ 16.86683927   1.84102244  -6.50767968]
[ 15.10584414   5.17004615  -6.81541498]
[ 14.15995805   7.53716908  -4.00485965]
[ 11.79075102  10.45175801  -4.52297104]
[ 11.77069411  13.08569056  -1.80101982]
[  9.38006093  16.02447062  -1.9066875 ]
[  9.30573778  19.04610608   0.3634338 ]
[  6.22860187  21.17212575   0.82480067]
