[ 20.79988335   5.88734384   2.53602965]
[ 20.40935509   5.3363729   -1.2918272 ]
[ 17.24547516   7.4921152   -1.04183745]
[ 19.14219514  10.45381723   0.5798618 ]
[ 22.13312518  10.36066907  -1.80212051]
[ 19.72833145  10.07241635  -4.8009035 ]
[ 17.41847716  12.92632368  -3.57764549]
[ 20.32015665  15.3559997   -2.97442514]
[ 21.77781382  14.40482492  -6.40717023]
[ 18.40815144  15.3016094   -8.04842002]
[ 18.20876633  18.55730857  -5.95476749]
[ 21.60259449  19.64617526  -7.3863604 ]
[ 22.2820026   21.56226018  -4.79191297]
[ 19.81861634  24.10831303  -4.63314579]
[ 18.41884064  25.39559724  -1.64812257]
[ 15.4579594   24.54896564   0.32137524]
[ 12.26911116  24.61727432  -1.47675229]
[  8.72891195  24.20366136  -0.90984383]
[  6.76666062  22.2675706   -3.26677964]
[  9.90357255  20.92702134  -4.98163169]
[ 10.13734435  18.15464167  -2.32123905]
[  6.85729699  16.68914426  -3.73592935]
[  8.27793531  16.35043373  -7.30149281]
[ 11.56792003  15.0332743   -5.77358616]
[ 10.10771502  12.3030782   -3.49729136]
[  8.16325534  11.0555099   -6.58632656]
[ 10.84119534  11.50674336  -9.3720262 ]
[ 13.6971906   10.04817711  -7.25437224]
[ 11.89463603   6.94401136  -5.94629138]
[ 10.76348369   6.44274916  -9.6004677 ]
[ 14.35289032   5.53723002 -10.71252395]
[ 16.02266481   5.03030898  -7.26703755]
[ 13.64209649   2.26484184  -6.10958862]
[ 14.14298863   0.5691509   -9.51672894]
[ 17.98733824   0.942964    -9.12551763]
[ 18.30331463  -0.47745748  -5.5493587 ]
[ 16.2588622   -3.52518639  -6.64078678]
[ 19.17975246  -4.12568714  -9.08643765]
[ 21.86159929  -3.59088344  -6.40454189]
[ 20.3150711   -6.59163817  -4.60758847]
[ 17.98626839  -9.28312118  -5.87724729]
[ 15.30626547  -9.31837329  -8.63583473]
[ 11.92455597  -9.06084413  -7.16269666]
[ 8.62039834 -7.44037171 -6.82825567]
[ 8.89293849 -4.25650425 -4.78834594]
[ 5.99357805 -1.86980708 -3.97872477]
[ 5.81130152  1.72075812 -2.69619163]
[ 3.03134691  3.99739571 -1.45861323]
[ 3.19856347  7.68022019 -0.42365601]
[  0.65040532  10.10672374   1.11125525]
[  1.08617132  13.88448397   0.6808434 ]
[ -1.21250716  15.84356022   2.98952662]
[ -1.10058824  19.35151739   4.34560926]
[ -1.57629357  21.10903463   6.81601569]
[ -3.79574968  23.2108724    7.3112241 ]
[ -5.2970392   20.68544506   8.53163528]
[ -6.87073029  18.44692386   6.8048035 ]
[ -7.56554394  15.34021676   7.45500356]
[ -8.00288643  12.15533319   6.26990341]
[-8.33650379  8.51684727  7.38638985]
[-5.8901837   6.03222336  5.82429049]
[-5.34283612  2.40986822  6.84028931]
[-2.81966449 -0.16073617  5.62397332]
[-2.31536854 -3.81215262  6.53757764]
[ 1.41578752 -3.33501328  5.97611757]
[ 4.03662099 -4.25226629  8.57313144]
[ 7.74403205 -3.72898073  9.18696211]
[ 10.12892272  -6.68952388   9.04275702]
[ 13.85142115  -7.01491427   9.49083646]
[ 14.81797442 -10.6667615    9.55680074]
[ 11.54849335 -11.97497299   8.20669656]
[ 11.39634798  -9.92644711   5.05061961]
[ 12.53545313  -6.534459     3.82288302]
[ 11.00620237  -3.04926743   4.08282627]
[ 12.19935875   0.5885136    3.88076725]
[ 10.33728937   3.87351511   4.70346315]
[ 11.34021255   7.54899016   4.19769787]
[  9.86129814  10.68195528   5.8511604 ]
[ 10.31562264  14.22373191   4.42548982]
[  8.60914339  17.27690427   5.94218738]
[  8.02380299  20.57254745   4.25353505]
[  6.95241027  24.18432607   4.98427276]
[  3.3134519   23.52102784   5.46317508]
[  2.96364547  20.04796001   3.90781507]
[  4.43925209  16.70355135   4.72889172]
[  5.30641794  13.77603633   2.45615182]
[  5.90299866  10.19282385   3.70595464]
[ 6.86499546  7.22606362  1.43575149]
[ 6.78779476  3.54841384  2.51350373]
[ 8.40064893  0.68120159  0.54576628]
[ 8.03295153 -3.10351544  0.86754343]
