   1.2902090167249525E-002
   1.5648782117053173E-002
   2.0443629838133581E-002
   3.2059084123934323E-002
   3.2988809982566536E-002
   3.7427717039754727E-002
   3.8625425863986970E-002
   4.0167371665752412E-002
   4.1668087321072890E-002
   4.3093962096610330E-002
   4.6081429554165110E-002
   4.8164629085049017E-002
   4.8449116366460071E-002
   4.9533846369824830E-002
   5.0945100594495620E-002
   5.2482385263289758E-002
   5.4618396556950992E-002
   5.5081426807089655E-002
   5.6371004719947437E-002
   5.7449050671050897E-002
   5.7631251545908230E-002
   5.8958216744031511E-002
   6.0750652939902686E-002
   6.1116712869945751E-002
   6.1916837380258272E-002
   6.2252978513486081E-002
   6.3699524597133794E-002
   6.5202490807220778E-002
   6.6560135076442345E-002
   6.7513055146704054E-002
   6.8739321858567445E-002
   6.9530199761992609E-002
   7.0500658165432578E-002
   7.1158279519483447E-002
   7.1950715498158152E-002
   7.3013526258738914E-002
   7.4025086364973181E-002
   7.5360141678562781E-002
   7.5916586766997779E-002
   7.6170796229285312E-002
   7.6983620723269808E-002
   7.7142744994750032E-002
   7.8786067459857334E-002
   7.9565215974234618E-002
   8.0745369244316578E-002
   8.0766215841396510E-002
   8.1776447080944462E-002
   8.2155920506748636E-002
   8.2749200633003395E-002
   8.4156056640536214E-002
   8.4582328577977567E-002
   8.5187361558404798E-002
   8.6228411308551342E-002
   8.6580515853333553E-002
   8.7131594404648294E-002
   8.7398201807449255E-002
   8.8892056477973963E-002
   8.9158131228017495E-002
   8.9799329150501150E-002
   9.0215502297949474E-002
   9.0638790610439862E-002
   9.2150419228093250E-002
   9.2494801659837256E-002
   9.2803166778243407E-002
   9.3292326433358941E-002
   9.3608634398992654E-002
   9.4230906504204875E-002
   9.4978477434638317E-002
   9.5479626952543820E-002
   9.5830827936820587E-002
   9.6356137259009461E-002
   9.6715510101168717E-002
   9.8047418905668815E-002
   9.8353553896508961E-002
   9.8696850064324604E-002
   9.9489497802867172E-002
  0.10025928692014562     
  0.10082446541145176     
  0.10244700872716160     
  0.10302137354930894     
  0.10320012799517025     
  0.10386505080017874     
  0.10428762448236123     
  0.10515716036898620     
  0.10575122086869283     
  0.10616894598278168     
  0.10636980034752982     
  0.10804065725296995     
  0.10929208883149946     
  0.10962848679741619     
  0.11000341572325958     
  0.11056442995537938     
  0.11123309648665090     
  0.11146616896074635     
  0.11167932153181730     
  0.11218012419348007     
  0.11239384049782004     
  0.11276111765323997     
  0.11372221469355340     
  0.11407130992609725     
  0.11495994387065135     
  0.11506898269878488     
  0.11547392573054428     
  0.11598789340464599     
  0.11613854359551624     
  0.11683993074345922     
  0.11701045724229425     
  0.11804036983178361     
  0.11831195538207799     
  0.11854698985312037     
  0.11935649888682164     
  0.11965608509401708     
  0.11991922158987041     
  0.12079860678475458     
  0.12095986566483895     
  0.12159151903645968     
  0.12199081261098467     
  0.12264502627241071     
  0.12306875690449298     
  0.12354102537173628     
  0.12372387169297419     
  0.12396434634629973     
  0.12487267505267893     
  0.12520131580819732     
  0.12563426411612763     
  0.12572608222173093     
  0.12626264827831446     
  0.12705516745127673     
  0.12716267728469519     
  0.12772924262931643     
  0.12829612549927807     
  0.12897660407567935     
  0.12954940829073341     
  0.12996214696788541     
  0.13046237028406463     
  0.13144417441841194     
  0.13181230357049981     
  0.13190424191388711     
  0.13276931093703434     
  0.13289070684290799     
  0.13334600118368151     
  0.13379171256271563     
  0.13440493368422854     
  0.13515608353877390     
  0.13591979117289185     
  0.13606133956832281     
  0.13610416407498829     
  0.13637664045039760     
  0.13682114630573547     
  0.13735144953600081     
  0.13751856126074513     
  0.13789264538360910     
  0.13838306783933416     
  0.13885513055596008     
  0.13897410454513845     
  0.13945385670739055     
  0.13979128118160436     
  0.14006647694210175     
  0.14077653915309660     
  0.14078647180902470     
  0.14102683070611485     
  0.14149390154267902     
  0.14199633961827346     
  0.14222834137377888     
  0.14271504540303251     
  0.14281806958028107     
  0.14336331660854526     
  0.14354193248371980     
  0.14398074935294733     
  0.14402613910735382     
  0.14414164458721626     
  0.14485705401425164     
  0.14498739973615815     
  0.14558537861592863     
  0.14574302839871681     
  0.14592330481554661     
  0.14610377326165430     
  0.14636684420530530     
  0.14644273230686039     
  0.14678331983723089     
  0.14687826000023177     
  0.14749168106718288     
  0.14778583782714075     
  0.14803191659413903     
  0.14819673113231338     
  0.14862574607328607     
  0.14895958600353279     
  0.14932310073201177     
  0.14940862015630807     
  0.14985922223435497     
  0.15003766152306047     
  0.15015831866137117     
  0.15043176489921431     
  0.15070282413490768     
  0.15133757645766666     
  0.15146913651576036     
  0.15168041385744141     
  0.15184371793178483     
  0.15219314691107064     
  0.15251143623135863     
  0.15285018297157998     
  0.15298510455300415     
  0.15332156481937648     
  0.15364849018077878     
  0.15375067876665149     
  0.15434731028799667     
  0.15453997901159594     
  0.15467800843716284     
  0.15472785983986068     
  0.15495679094126438     
  0.15522062769227005     
  0.15547378866315986     
  0.15573542953220973     
  0.15597105667090153     
  0.15610536339525430     
  0.15659037640636095     
  0.15675286216377268     
  0.15696720485837973     
  0.15720956626162971     
  0.15738996344996820     
  0.15752038071228278     
  0.15771252533367114     
  0.15783501927195689     
  0.15820094136126589     
  0.15866127196899174     
  0.15881295648059637     
  0.15908523216843157     
  0.15951605428519811     
  0.15971563570078673     
  0.16003063089304725     
  0.16027730783049768     
  0.16044527761139088     
  0.16073777939021797     
  0.16115805253718612     
  0.16121100991216772     
  0.16151609972013675     
  0.16161597356295027     
  0.16205530541149585     
  0.16230388906683790     
  0.16246810954017427     
  0.16281298265517027     
  0.16319317915563900     
  0.16334552436064376     
  0.16336167277932129     
  0.16345738021236841     
  0.16371019788616487     
  0.16396080103811819     
  0.16426208527155584     
  0.16432549376575714     
  0.16449640418039710     
  0.16496706030337435     
  0.16514542470529880     
  0.16528050848072676     
  0.16564772157680790     
  0.16596286303874994     
  0.16620259913862506     
  0.16641766148513226     
  0.16661918209384657     
  0.16688628211509113     
  0.16720430247677551     
  0.16746788511195276     
  0.16776392248486002     
  0.16810442073839754     
  0.16823547902139610     
  0.16829214525340713     
  0.16856495646296360     
  0.16869801400485690     
  0.16888653866534059     
  0.16921302201809396     
  0.16935103570424928     
  0.16961505133125609     
  0.16998675968389440     
  0.17022582929313429     
  0.17030994395121257     
  0.17064215968259525     
  0.17107662105749702     
  0.17123256492670402     
  0.17135059168858718     
  0.17176327773150793     
  0.17183719044904830     
  0.17212430918883576     
  0.17225562662177041     
  0.17252038381824808     
  0.17267444172607746     
  0.17283453773836990     
  0.17345365179684866     
  0.17374150351769849     
  0.17378938136617678     
  0.17384660032125973     
  0.17415745336794466     
  0.17461414282531967     
  0.17477904279265857     
  0.17498562986236785     
  0.17524441080338868     
  0.17574964111702962     
  0.17586115689705875     
  0.17601772267458707     
  0.17645694477449117     
  0.17660801305551282     
  0.17686096198356691     
  0.17709464312326023     
  0.17730731305722511     
  0.17743342842342116     
  0.17766553072859037     
  0.17785345633451585     
  0.17843525940664751     
  0.17877665841228707     
  0.17899214252138099     
  0.17915691227893385     
  0.17951908346820564     
  0.18001631183799804     
  0.18028442488729768     
  0.18052085742125920     
  0.18093558727209294     
  0.18127596262939172     
  0.18138198117253521     
  0.18173008688776252     
  0.18216011285177672     
  0.18227552796273805     
  0.18251984071113378     
  0.18297946755250816     
  0.18311141084704427     
  0.18354192843129619     
  0.18366894524294416     
  0.18417640241894415     
  0.18467858691474642     
  0.18480473902516495     
  0.18505296025379186     
  0.18540513278863557     
  0.18560509859525537     
  0.18601728056993200     
  0.18616214909776796     
  0.18655131331709546     
  0.18669678945142373     
  0.18740777477962323     
  0.18750828823365606     
  0.18792831208434344     
  0.18832605167760788     
  0.18834882242690140     
  0.18875182609353142     
  0.18900688461073056     
  0.18918308201381928     
  0.18944581561369095     
  0.18962420334846153     
  0.19009226682274324     
  0.19047508074498370     
  0.19072182156950451     
  0.19080653089372898     
  0.19135575590556866     
  0.19175551766796842     
  0.19228375678680451     
  0.19252663343787116     
  0.19275065457883883     
  0.19315125913832507     
  0.19335967334080423     
  0.19374496614530626     
  0.19406586541625326     
  0.19464642512542224     
  0.19504402166585916     
  0.19538491927342599     
  0.19577303572920129     
  0.19587211429032100     
  0.19627180364807256     
  0.19634283235734870     
  0.19700855676021986     
  0.19724666050491360     
  0.19752207094171956     
  0.19773050458205069     
  0.19797735656316842     
  0.19858383529310916     
  0.19900233366499717     
  0.19942848956177925     
  0.20000367242244604     
  0.20012536678810242     
  0.20045049333642501     
  0.20098628413470135     
  0.20168784002572285     
  0.20171063542047396     
  0.20209221030812471     
  0.20304352803579126     
  0.20319425363262106     
  0.20335631488880859     
  0.20394316079353736     
  0.20429910031439635     
  0.20442642149505899     
  0.20467742869712161     
  0.20506404412735366     
  0.20583965927508002     
  0.20618150233268007     
  0.20670331532432673     
  0.20699548580962393     
  0.20757256559198464     
  0.20792447666605920     
  0.20818881528925293     
  0.20850670004145275     
  0.20907206746625481     
  0.20973596045399032     
  0.21032910039335184     
  0.21069951294723288     
  0.21131619789513778     
  0.21175945116443265     
  0.21202230589741863     
  0.21230918363351797     
  0.21260580786356933     
  0.21311175255478459     
  0.21363605285261200     
  0.21436788751165209     
  0.21501498897553781     
  0.21606008814624517     
  0.21629493368529529     
  0.21698881747004142     
  0.21737167460309870     
  0.21778078702242223     
  0.21796859800902493     
  0.21939332774230105     
  0.21948172007564865     
  0.21976113428383923     
  0.22007699084285628     
  0.22079115349620601     
  0.22132849138310176     
  0.22194538438838307     
  0.22285208526157038     
  0.22343100472368543     
  0.22361863505903382     
  0.22371360920039718     
  0.22520809445264828     
  0.22558411311798468     
  0.22593946548952565     
  0.22695153724702027     
  0.22780101038918552     
  0.22842036855401307     
  0.22874393089387809     
  0.22939499805465410     
  0.23008222146614965     
  0.23081395084000284     
  0.23148143214467690     
  0.23255251991331768     
  0.23308090839349926     
  0.23390532357953361     
  0.23488811786878702     
  0.23518206230172320     
  0.23642313003433005     
  0.23655380093286718     
  0.23682936301222005     
  0.23768602047739995     
  0.23796000216119700     
  0.23862037661951679     
  0.23977551981063439     
  0.24042603290991249     
  0.24107972327833935     
  0.24226838872049319     
  0.24278046027540745     
  0.24344520104814521     
  0.24373845893997267     
  0.24425931763885086     
  0.24499568221795232     
  0.24630310301972555     
  0.24699860072459726     
  0.24769298917934224     
  0.24806122437985800     
  0.24835352389501714     
  0.24944142895612123     
  0.25001957367512595     
  0.25069734210536543     
  0.25116216508686462     
  0.25236029534918814     
  0.25365451141745876     
  0.25485887609836488     
  0.25521190840271180     
  0.25636215479733571     
  0.25669738449931256     
  0.25858423019710269     
  0.25965240889049895     
  0.26050158522927480     
  0.26145551951392459     
  0.26177919255495169     
  0.26216684784906402     
  0.26355833107632115     
  0.26412292286964134     
  0.26454213905166346     
  0.26593790095674141     
  0.26703051189630356     
  0.26752732275279834     
  0.26865022777535402     
  0.26928877717818750     
  0.27045669561839969     
  0.27089657668070988     
  0.27121707961151320     
  0.27181739130519883     
  0.27231596656301588     
  0.27342230928708483     
  0.27428915862145942     
  0.27551003816985020     
  0.27616742463653388     
  0.27742637430014533     
  0.27780230768745573     
  0.27842255782148523     
  0.27906211361967476     
  0.28004891715837599     
  0.28121519543402385     
  0.28207810168171810     
  0.28347672130769969     
  0.28437698791469901     
  0.28476512783650909     
  0.28656079203376333     
  0.28688320053929461     
  0.28877459947952677     
  0.29018257145049953     
  0.29107130730190511     
  0.29178976098596099     
  0.29212379784895343     
  0.29366752764079557     
  0.29552120200307036     
  0.29575673449863044     
  0.29610039241323444     
  0.29663676445795190     
  0.29801643224735436     
  0.29940392772511887     
  0.30020726695306249     
  0.30159743110853010     
  0.30179334950956527     
  0.30397792101584042     
  0.30545782279552536     
  0.30644959072562045     
  0.30696928660149853     
  0.30840458859098729     
  0.30957570179679411     
  0.31092915524686077     
  0.31217461913506717     
  0.31368165931733188     
  0.31454335437651537     
  0.31811981870280120     
  0.32081360593480845     
  0.32411331563257967     
  0.32546564570750364     
  0.32931706274724237     
  0.33018011997527014     
  0.33235782283442006     
  0.33571015293466211     
  0.33721637650933745     
  0.34343496655148120     
  0.34588008211418680     
  0.34885798575497001     
  0.35116367575987090     
  0.35771954358143543     
  0.35888806517947053     
  0.36324920869821975     
  0.36667353543188769     
  0.38162066562767255     
  0.38547439635353548     
  0.38768716392261882     
  0.39182352735126508     
  0.39755001954421099     
  0.40498504077344294     
  0.44261337850402704     
