     4.78354
     4.80326
     4.91276
     5.00092
     5.13059
     5.22160
     5.22204
     5.28981
     5.41324
     5.47601
     5.50063
     5.65371
     5.81793
     5.82732
     5.85610
     6.16639
     6.20105
     6.28664
     6.36864
     6.37144
     6.48183
     6.59175
     6.64072
     6.77476
     6.78639
     6.81342
     6.88800
     6.94490
     7.00906
     7.11468
     7.17469
     7.28894
     7.34629
     7.38095
     7.40355
     7.45389
     7.48718
     7.52499
     7.56960
     7.59546
     7.71013
     7.71456
     7.77510
     7.83114
     7.84129
     7.91251
     7.97131
     8.01458
     8.10665
     8.18156
     8.30848
     8.34961
     8.38359
     8.43886
     8.46161
     8.47917
     8.49871
     8.58241
     8.62393
     8.69604
     8.70112
     8.72481
     8.79223
     8.89327
     8.93220
     8.96603
     9.04017
     9.07063
     9.09674
     9.12780
     9.16097
     9.22820
     9.24698
     9.26493
     9.31417
     9.34913
     9.46188
     9.50927
     9.53074
     9.57320
     9.59918
     9.65900
     9.71255
     9.76561
     9.85019
     9.88375
     9.89831
     9.93099
     9.96468
    10.05280
    10.06928
    10.09310
    10.18606
    10.20396
    10.23630
    10.26973
    10.28455
    10.32333
    10.43289
    10.47109
    10.50163
    10.56672
    10.59063
    10.61066
    10.65985
    10.70979
    10.73160
    10.78125
    10.82396
    10.84894
    10.92028
    10.92587
    10.95682
    11.01728
    11.07005
    11.12179
    11.15879
    11.17810
    11.22384
    11.24306
    11.27636
    11.31059
    11.34328
    11.37106
    11.43834
    11.48859
    11.50817
    11.54124
    11.57804
    11.61696
    11.66777
    11.69622
    11.71323
    11.77432
    11.78696
    11.82303
    11.88715
    11.91147
    11.93538
    11.96952
    12.02605
    12.04720
    12.05933
    12.09792
    12.10133
    12.15125
    12.20874
    12.23297
    12.23648
    12.28996
    12.31953
    12.36830
    12.40557
    12.43586
    12.45606
    12.47789
    12.49534
    12.51613
    12.56784
    12.58100
    12.59888
    12.62703
    12.65842
    12.66966
    12.69749
    12.74007
    12.78926
    12.81091
    12.82914
    12.84642
    12.91153
    12.92105
    12.95046
    12.95722
    13.00392
    13.02359
    13.06103
    13.08761
    13.12210
    13.14736
    13.19017
    13.22619
    13.22796
    13.27843
    13.29024
    13.30251
    13.32704
    13.35469
    13.39675
    13.42884
    13.44344
    13.44871
    13.48180
    13.51369
    13.55169
    13.56112
    13.59962
    13.62915
    13.65071
    13.67249
    13.68377
    13.71181
    13.73861
    13.75592
    13.77100
    13.79646
    13.83376
    13.87594
    13.89434
    13.89756
    13.90536
    13.93787
    13.94561
    13.97549
    14.02402
    14.03124
    14.06145
    14.07909
    14.08830
    14.09366
    14.14009
    14.15622
    14.18241
    14.21863
    14.23146
    14.24426
    14.28419
    14.31032
    14.31335
    14.33787
    14.38255
    14.40766
    14.42079
    14.44105
    14.47648
    14.51249
    14.54362
    14.56115
    14.57643
    14.60217
    14.63766
    14.66048
    14.67447
    14.69869
    14.72193
    14.74455
    14.77236
    14.79411
    14.81448
    14.82299
    14.84601
    14.86394
    14.89884
    14.90971
    14.97151
    14.99801
    15.00092
    15.04706
    15.07716
    15.09341
    15.10689
    15.13089
    15.14997
    15.17432
    15.21483
    15.22569
    15.23332
    15.26075
    15.28877
    15.30840
    15.33007
    15.35109
    15.38363
    15.40314
    15.40974
    15.42538
    15.48277
    15.52171
    15.53783
    15.55605
    15.60024
    15.62418
    15.65254
    15.66650
    15.72409
    15.74157
    15.75368
    15.78486
    15.80577
    15.85316
    15.85793
    15.90335
    15.92403
    15.96075
    15.97401
    15.99456
    15.99981
    16.05325
    16.05526
    16.09025
    16.12561
    16.15518
    16.18359
    16.20439
    16.22600
    16.23866
    16.29720
    16.32648
    16.33014
    16.35972
    16.39519
    16.41917
    16.42616
    16.45989
    16.48366
    16.49708
    16.55684
    16.57411
    16.57803
    16.61886
    16.64692
    16.69263
    16.71071
    16.73609
    16.79112
    16.81035
    16.83847
    16.87406
    16.88185
    16.89930
    16.91821
    16.94871
    17.00380
    17.03014
    17.04841
    17.08459
    17.09734
    17.12101
    17.14682
    17.16375
    17.20113
    17.22683
    17.27640
    17.28472
    17.30992
    17.35251
    17.36678
    17.41145
    17.43525
    17.44428
    17.49728
    17.52679
    17.55074
    17.56219
    17.60296
    17.61919
    17.65826
    17.70949
    17.76020
    17.77593
    17.79295
    17.83855
    17.91735
    17.93161
    17.98222
    18.01811
    18.05285
    18.07132
    18.09793
    18.12199
    18.14915
    18.15557
    18.17194
    18.19861
    18.22286
    18.27565
    18.30528
    18.33002
    18.37966
    18.41406
    18.42959
    18.45260
    18.49981
    18.53484
    18.56963
    18.61540
    18.65642
    18.69011
    18.73359
    18.73917
    18.79497
    18.82020
    18.84965
    18.88043
    18.93451
    18.95912
    19.00796
    19.03726
    19.04415
    19.10593
    19.13064
    19.15729
    19.23750
    19.27366
    19.28823
    19.34739
    19.35766
    19.38401
    19.41311
    19.42135
    19.44788
    19.48655
    19.53638
    19.54848
    19.58547
    19.61919
    19.65017
    19.67038
    19.72277
    19.73883
    19.76071
    19.78346
    19.82940
    19.85399
    19.92985
    19.96158
    19.99301
    19.99971
    20.05089
    20.08387
    20.10611
    20.17586
    20.20304
    20.22882
    20.28313
    20.29766
    20.32766
    20.35613
    20.38357
    20.42460
    20.46542
    20.50512
    20.58078
    20.58709
    20.63584
    20.66453
    20.69111
    20.70526
    20.81282
    20.86795
    20.94317
    20.97687
    20.98931
    21.00742
    21.03727
    21.07713
    21.13800
    21.20023
    21.22155
    21.26323
    21.31822
    21.38637
    21.44981
    21.50278
    21.54081
    21.55668
    21.63136
    21.69912
    21.78877
    21.79533
    21.88037
    21.89043
    21.92778
    21.97154
    22.02581
    22.08190
    22.14063
    22.23651
    22.29540
    22.34424
    22.40056
    22.43638
    22.52611
    22.57368
    22.62356
    22.66362
    22.73409
    22.80376
    22.89414
    22.95228
    23.02738
    23.11279
    23.16919
    23.30658
    23.34607
    23.47304
    23.53045
    23.61058
    23.66610
    23.84444
    23.89221
    23.94051
    23.95446
    24.05467
    24.16796
    24.23125
    24.33536
    24.40532
    24.43593
    24.60113
    24.70560
    24.76966
    24.80199
    24.88392
    24.94735
    25.05805
    25.15715
    25.22538
    25.28841
    25.32131
    25.36966
    25.44700
    25.51777
    25.62467
    25.68388
    25.74700
    25.77766
    25.83370
    25.87235
    25.94056
    26.00561
    26.09108
    26.11444
    26.14874
    26.33101
    26.39231
    26.46358
    26.57050
    26.63865
    26.69196
    26.74716
    26.89375
    26.96042
    27.02113
    27.13830
    27.22397
    27.30250
    27.44327
    27.48502
    27.61465
    27.77316
    27.89711
