004	001
005	001
006	002
007	004
008	004
009	005
010	006
011	007
012	008
013	009
013	010
014	010
015	011
017	014
018	017
024	021
025	022
027	023
028	024
029	025
030	026
031	027
033	029
034	031
035	031
035	031
036	032
038	034
039	035
040	036
040	036
041	037
041	038
042	038
043	039
048	044
049	094
094	049
164	050
051	092
092	051
052	162
162	052
053	090
090	053
054	160
160	054
055	088
088	055
060	056
057	086
063	151
151	063
065	149
149	065
067	147
074	071
144	075
095	076
078	093
093	078
080	091
091	080
082	089
089	082
084	087
101	098
102	098
103	099
104	101
105	101
106	102
107	103
108	104
109	105
110	106
110	107
111	107
112	108
114	111
115	114
121	118
122	119
124	120
125	121
126	122
127	123
128	124
130	126
131	128
132	128
132	128
133	129
135	131
136	132
137	133
138	134
138	135
139	135
140	136
146	191
191	146
148	189
189	148
150	187
187	150
152	185
185	152
157	153
154	183
171	168
192	173
175	190
190	175
177	188
188	177
179	186
186	179
181	184
