003	073
073	003
005	071
006	071
071	006
008	069
067	008
014	010
013	010
015	011
015	012
016	012
017	013
017	014
018	014
019	015
020	016
045	016
046	016
021	017
021	018
022	018
022	018
022	019
023	019
024	020
025	021
026	022
027	023
028	024
033	030
034	030
031	031
034	031
035	031
186	031
032	186
036	032
037	033
037	034
038	034
038	035
039	035
040	036
037	037
038	037
041	037
042	038
042	039
043	039
039	043
039	050
039	148
044	040
040	146
045	041
046	042
047	043
050	043
083	046
050	047
083	047
083	048
084	049
051	051
051	082
052	051
082	051
051	148
052	146
146	052
052	080
053	080
080	053
054	144
144	054
055	078
078	055
056	142
056	076
057	142
141	057
142	057
058	178
178	058
059	139
139	059
060	176
176	060
061	137
137	061
125	061
062	174
174	062
136	063
124	063
063	173
064	064
064	172
064	064
065	064
172	064
064	065
064	174
065	083
068	065
068	066
068	068
069	068
083	068
070	081
081	070
072	079
079	072
074	077
077	074
088	158
158	088
090	156
091	156
156	091
093	154
152	093
099	095
098	095
100	096
100	097
101	097
102	098
102	099
103	099
104	100
105	101
130	101
131	101
106	102
106	103
107	103
107	103
107	104
108	104
109	105
110	106
111	107
112	108
113	109
118	115
119	115
116	116
119	116
120	116
177	116
117	177
121	117
122	118
122	119
123	119
123	120
124	120
125	121
122	122
123	122
126	122
127	123
128	124
124	128
124	135
129	125
130	126
131	127
132	128
135	128
168	131
135	132
168	132
168	133
169	134
136	136
136	167
137	136
167	136
137	165
138	165
165	138
140	163
163	140
141	161
143	187
187	143
145	185
185	145
147	183
183	147
148	182
149	149
149	181
149	149
150	149
181	149
149	150
149	183
150	168
153	150
153	151
153	153
154	153
168	153
155	166
166	155
157	164
164	157
159	162
162	159
