003	073
073	003
005	071
006	071
071	006
008	069
068	008
069	008
067	008
014	009
017	009
014	010
013	010
015	011
012	012
016	012
017	013
017	013
018	014
019	015
020	016
045	016
046	016
021	017
022	018
022	018
023	019
024	020
025	021
026	022
027	023
028	024
033	030
034	030
035	031
186	031
032	186
036	032
037	033
037	034
038	034
038	035
039	035
040	036
037	037
037	037
038	037
041	037
042	038
043	039
039	043
039	050
039	148
044	040
045	041
046	042
047	043
050	043
050	047
083	047
083	048
051	049
084	049
051	050
051	051
051	082
052	051
082	051
051	148
051	084
051	169
052	146
146	052
052	080
053	080
080	053
054	144
144	054
055	078
078	055
056	142
057	142
141	057
142	057
141	057
058	178
178	058
178	058
059	139
139	059
060	176
176	060
060	176
176	060
061	137
137	061
062	174
174	062
084	063
136	063
124	063
063	173
173	063
064	064
064	172
064	064
065	064
172	064
064	065
065	083
068	065
068	066
172	066
068	068
069	068
083	068
070	081
081	070
072	079
079	072
179	073
074	077
077	074
169	084
136	084
084	169
088	158
158	088
090	156
091	156
156	091
092	091
093	154
153	093
154	093
152	093
099	094
099	095
098	095
100	096
097	097
100	097
101	097
102	098
102	098
103	099
104	100
105	101
131	101
106	102
107	103
107	103
108	104
109	105
110	106
111	107
112	108
112	109
113	109
118	115
119	115
120	116
177	116
117	177
121	117
122	118
122	119
123	119
123	120
124	120
125	121
122	122
122	122
123	122
126	122
127	123
127	124
128	124
124	128
124	135
129	125
130	126
131	127
132	128
135	128
135	132
168	132
168	133
169	134
136	135
136	136
136	167
137	136
167	136
136	169
136	169
137	165
138	165
165	138
140	163
163	140
143	187
187	143
187	143
145	185
185	145
145	185
185	145
147	183
183	147
148	182
182	148
149	149
149	181
149	149
150	149
181	149
149	150
150	168
153	150
153	151
181	151
153	153
154	153
168	153
155	166
166	155
157	164
164	157
159	162
162	159
161	161
172	172
173	172
177	178
181	181
182	181
186	187
