   1.5235729299344858E-002
   1.8169016420280085E-002
   1.9426268742793868E-002
   2.2441785214866516E-002
   2.3911465587721267E-002
   3.5873321557210104E-002
   3.6898226012106156E-002
   3.9006307954803650E-002
   3.9681466335326675E-002
   4.1057858079491236E-002
   4.1918334324672277E-002
   4.2898705699568516E-002
   4.3678143060706845E-002
   4.4779064397940729E-002
   4.5476065201234366E-002
   4.7719299192779036E-002
   4.8206359705975380E-002
   4.9491182326376296E-002
   5.0496132076358703E-002
   5.1328392796694919E-002
   5.2226245779051141E-002
   5.2608378922300462E-002
   5.4437796822697185E-002
   5.5002414880471223E-002
   5.6309457675180495E-002
   5.6454833116654585E-002
   5.7192610913566373E-002
   5.9465593162287306E-002
   6.0211201748773702E-002
   6.1534268019782214E-002
   6.2078406164640970E-002
   6.2297295340624954E-002
   6.3773119700142822E-002
   6.4712410881238885E-002
   6.5553699585295139E-002
   6.5759513100864156E-002
   6.6640811731575850E-002
   6.8945692959314769E-002
   6.9940568909526032E-002
   7.0937931218642197E-002
   7.1636207308693370E-002
   7.3171499877429047E-002
   7.3855094366313545E-002
   7.5474516454237708E-002
   7.5841298973229665E-002
   7.6490784805968021E-002
   7.7077489200379337E-002
   7.7439425853699728E-002
   7.7784842575086971E-002
   7.9164075559912145E-002
   8.0268414634789981E-002
   8.1402467445157375E-002
   8.1516925702926193E-002
   8.2008582267148938E-002
   8.2395186826519834E-002
   8.2703467060293107E-002
   8.3242747839053305E-002
   8.4077931418441443E-002
   8.4909043046220586E-002
   8.6301526097519732E-002
   8.7132208740716172E-002
   8.8378493436672895E-002
   9.0595869743314211E-002
   9.1318641197657993E-002
   9.1429386191349299E-002
   9.1551379412080414E-002
   9.2985596790968739E-002
   9.3411561631635553E-002
   9.3838938555681650E-002
   9.4703280733609257E-002
   9.5931734455716802E-002
   9.6943156345704884E-002
   9.7803590156867876E-002
   9.8597747167279412E-002
   9.9136334181477367E-002
   9.9699504362994365E-002
  0.10019500590323940     
  0.10056036263412330     
  0.10117044972651038     
  0.10216136738346288     
  0.10348747747593036     
  0.10364867368651159     
  0.10400750241473254     
  0.10542716641905017     
  0.10592322469090219     
  0.10655319327256074     
  0.10674599745803744     
  0.10711983190259447     
  0.10921034269444442     
  0.10947808711407699     
  0.10998895870637715     
  0.11034152764529340     
  0.11068664775348881     
  0.11105150904984085     
  0.11166208297889905     
  0.11267432896642780     
  0.11323093323707575     
  0.11356234371681041     
  0.11383789597499167     
  0.11439537321278676     
  0.11443494067394747     
  0.11491283424377179     
  0.11532322706323370     
  0.11625819091582590     
  0.11702473749847801     
  0.11757019215087174     
  0.11823240068507400     
  0.11858499508052200     
  0.11881228810658688     
  0.11999649509191661     
  0.12079695199937257     
  0.12103192827325014     
  0.12150861193540145     
  0.12159793255073988     
  0.12269591948266609     
  0.12279473754800506     
  0.12367682675419973     
  0.12431230447689920     
  0.12483965119266120     
  0.12521962613892695     
  0.12605555399882207     
  0.12629193610549494     
  0.12659578970793964     
  0.12712948757720033     
  0.12793312257990866     
  0.12809892479778029     
  0.12846215368919803     
  0.12852878760252284     
  0.12982011518369735     
  0.12999508221499420     
  0.13052059526867116     
  0.13134414409082090     
  0.13195498007329606     
  0.13260139225146222     
  0.13273693861027749     
  0.13312819427888115     
  0.13358463273802113     
  0.13449531094926806     
  0.13496649811714750     
  0.13516281370335823     
  0.13529363844847295     
  0.13540498129035136     
  0.13655541759118822     
  0.13679457314945309     
  0.13688522420810509     
  0.13764939428245318     
  0.13822922064686433     
  0.13845253223205434     
  0.13903465136170085     
  0.13933212079212709     
  0.13947237103161567     
  0.13952631537774041     
  0.14026250750019004     
  0.14077380132545891     
  0.14092046431093572     
  0.14122270347168481     
  0.14156926227458760     
  0.14168363000504081     
  0.14208462197345079     
  0.14273168906968631     
  0.14279034723682857     
  0.14322692637338899     
  0.14346961360248645     
  0.14368690654054675     
  0.14395738927886198     
  0.14402543938861492     
  0.14431573292885611     
  0.14483810240594616     
  0.14509808903826937     
  0.14525321366629412     
  0.14593765944212042     
  0.14629233014451676     
  0.14651687191671495     
  0.14698284879443210     
  0.14715965571626599     
  0.14753827286569976     
  0.14761967853903127     
  0.14792738996336588     
  0.14835507333699408     
  0.14851515181902600     
  0.14904326839053095     
  0.14917408142036703     
  0.14924741379118434     
  0.14992655363584814     
  0.15000548394789651     
  0.15053565855909831     
  0.15123282077438119     
  0.15127787744907881     
  0.15181462888731853     
  0.15195689152800471     
  0.15264158139645209     
  0.15280735339242563     
  0.15332058670333149     
  0.15343687307799939     
  0.15355556235540341     
  0.15360480398385903     
  0.15410253233811633     
  0.15472699017103098     
  0.15486408613263505     
  0.15501809476085154     
  0.15512064506735795     
  0.15553536044443569     
  0.15572117741740435     
  0.15588282783950483     
  0.15624761652497632     
  0.15651120813072358     
  0.15679405950967334     
  0.15693384507444860     
  0.15695806399663456     
  0.15737415348045447     
  0.15781265781607359     
  0.15801686919992999     
  0.15804879424201546     
  0.15819966692044241     
  0.15829488539769423     
  0.15878038766484551     
  0.15887179081288016     
  0.15938952762312564     
  0.15947226854860963     
  0.15958321109516335     
  0.16006818389610902     
  0.16020322600197257     
  0.16079963825353960     
  0.16086342764531344     
  0.16109043363550513     
  0.16162395437757482     
  0.16168671007527072     
  0.16205318521504364     
  0.16213987704253022     
  0.16225039707225830     
  0.16256092274447237     
  0.16300242246242877     
  0.16317686309027607     
  0.16335385663255597     
  0.16429032163663548     
  0.16432726646577026     
  0.16456102615875312     
  0.16492884967356083     
  0.16501859252146261     
  0.16534904891022273     
  0.16571378840375428     
  0.16576416024013746     
  0.16591703015343995     
  0.16599703351827505     
  0.16624345354294540     
  0.16649358095264094     
  0.16671051903932452     
  0.16714357894011214     
  0.16723653347251149     
  0.16743401904048555     
  0.16765420122715308     
  0.16768121419237503     
  0.16789839894072753     
  0.16863052696581499     
  0.16904010863203150     
  0.16910927598265513     
  0.16925935641401929     
  0.16990363105047435     
  0.16991223529708982     
  0.16998615260470046     
  0.17025935775885270     
  0.17059120558509230     
  0.17090929164612081     
  0.17139089909443236     
  0.17144547587317246     
  0.17196266908714311     
  0.17200758923296142     
  0.17211508284523863     
  0.17234439294374776     
  0.17254602878399589     
  0.17270483045501889     
  0.17298979093060873     
  0.17327527046241820     
  0.17343588533883772     
  0.17370536764869854     
  0.17428676447337216     
  0.17437566489665063     
  0.17461120380041156     
  0.17469924967098124     
  0.17481266461177425     
  0.17533638306944285     
  0.17537482486892128     
  0.17560719286688273     
  0.17562776613998954     
  0.17593727234527015     
  0.17615413544033010     
  0.17635174957081606     
  0.17646276251532533     
  0.17708202589988728     
  0.17719605117284110     
  0.17742820211293733     
  0.17776974279642033     
  0.17807443476804857     
  0.17868205438953008     
  0.17878119745580431     
  0.17891248300507145     
  0.17896234816149004     
  0.17913245409249565     
  0.17914620067587086     
  0.17987989167883828     
  0.17991372927710844     
  0.18019241322130974     
  0.18051379242105647     
  0.18126743971879247     
  0.18137312537596328     
  0.18171622333746898     
  0.18175574258122451     
  0.18232157504310006     
  0.18244878962635525     
  0.18260759902729976     
  0.18335326711450237     
  0.18371615732990787     
  0.18394833205082531     
  0.18497684447761059     
  0.18511575292095980     
  0.18545103798660548     
  0.18556035555437844     
  0.18565238720368080     
  0.18593085971440435     
  0.18599083771795591     
  0.18639065385150641     
  0.18654920986873857     
  0.18704746619582840     
  0.18720663151191572     
  0.18723545707996544     
  0.18805332950781553     
  0.18843507328627254     
  0.18866998392988377     
  0.18909138652835236     
  0.18959752260408350     
  0.18962549290284056     
  0.19010769620451828     
  0.19020427970723058     
  0.19051426524238529     
  0.19094628690452231     
  0.19111335095911455     
  0.19166334244323363     
  0.19166912810421927     
  0.19205039318791348     
  0.19206508460340829     
  0.19232472342434781     
  0.19280106695786567     
  0.19360172328196421     
  0.19377347618049132     
  0.19408592866965738     
  0.19452954603162978     
  0.19457486231953772     
  0.19517818651287336     
  0.19529253860672541     
  0.19590021137937566     
  0.19617899893794299     
  0.19655033333264643     
  0.19688612314459264     
  0.19704162831355226     
  0.19707648429794331     
  0.19795546672443581     
  0.19804447419063417     
  0.19841456309623498     
  0.19859242312362155     
  0.19898681860089437     
  0.19990376479154656     
  0.20017295294189305     
  0.20053877652592861     
  0.20101388661454017     
  0.20132850530885607     
  0.20141017103322933     
  0.20163158168253753     
  0.20185987918938683     
  0.20234769841427411     
  0.20287815999435946     
  0.20327002368266983     
  0.20402340535559221     
  0.20408533245466481     
  0.20417139228413184     
  0.20465157473789047     
  0.20519608143433529     
  0.20535116748340637     
  0.20565617969802943     
  0.20620949930280591     
  0.20666755452414604     
  0.20711783063053693     
  0.20737004516655949     
  0.20761636584390275     
  0.20813623583342716     
  0.20856084274910014     
  0.20872317984773037     
  0.20904354708415138     
  0.20979908464408539     
  0.21044565991179459     
  0.21055353165828294     
  0.21086056615153617     
  0.21100904643199569     
  0.21197230819320478     
  0.21242107972156632     
  0.21271748206169938     
  0.21329081658716390     
  0.21357120456634895     
  0.21428963101503637     
  0.21448918803370831     
  0.21524927341155722     
  0.21526751078796721     
  0.21646900642807518     
  0.21690729209270707     
  0.21739565386625287     
  0.21749396913862853     
  0.21802872002020096     
  0.21869761169830901     
  0.21909804447257006     
  0.21971121148204789     
  0.21995839377652324     
  0.22017002489637361     
  0.22096331233403019     
  0.22131754557939745     
  0.22186269830434591     
  0.22198476150259769     
  0.22250038454802970     
  0.22307085438492122     
  0.22373909181666266     
  0.22433966325200683     
  0.22481504999201843     
  0.22494225285748293     
  0.22519511308936174     
  0.22556328971065365     
  0.22674343133326541     
  0.22719261252662598     
  0.22732311088822779     
  0.22796544495414978     
  0.22804972577953547     
  0.22814138955680965     
  0.22892798523012273     
  0.22893670077348316     
  0.23060025447700180     
  0.23120922029354996     
  0.23151295868947758     
  0.23177841480846548     
  0.23301241036496495     
  0.23307831782542709     
  0.23395657318395388     
  0.23455358359181544     
  0.23475892185313121     
  0.23593711859059235     
  0.23638945677402820     
  0.23718263589895369     
  0.23728859936238680     
  0.23770006633725663     
  0.23787389865900868     
  0.23893536048823652     
  0.23979610520127562     
  0.24080737395037044     
  0.24138744156878475     
  0.24215861952585088     
  0.24299060314170987     
  0.24321209298381330     
  0.24463979105528263     
  0.24473612646786619     
  0.24558132348003744     
  0.24566446707248521     
  0.24616660699962262     
  0.24743710743370678     
  0.24751237866813586     
  0.24782570097387385     
  0.24945146863673237     
  0.25049979695565699     
  0.25168010993628631     
  0.25188998790888650     
  0.25276700098231558     
  0.25339503632596733     
  0.25351926645450185     
  0.25366961813350158     
  0.25497234754411063     
  0.25587635037282380     
  0.25604373289161142     
  0.25625976171831855     
  0.25705641411571184     
  0.25779247650448905     
  0.25818907694344334     
  0.25968792450578765     
  0.26192928484274430     
  0.26238103974725802     
  0.26374152379056004     
  0.26381404739829784     
  0.26458306716817664     
  0.26690617213786849     
  0.26770707899526414     
  0.26849726339399815     
  0.26887048059555863     
  0.27017442374933326     
  0.27232568586330025     
  0.27236796696424020     
  0.27271030861428897     
  0.27359617268353387     
  0.27489181980861871     
  0.27546657013224413     
  0.27760031959058995     
  0.27766857197317635     
  0.27892708375900555     
  0.27934530168718674     
  0.27950981975998701     
  0.28168827416386488     
  0.28169569186256610     
  0.28196726833460750     
  0.28236349456503873     
  0.28382639074750765     
  0.28554076355514257     
  0.28593439444536106     
  0.28762731108628325     
  0.28953450812246012     
  0.29028241818590389     
  0.29043470735022708     
  0.29093345294823258     
  0.29126455197732681     
  0.29190900545960347     
  0.29350239999213629     
  0.29413656312408298     
  0.29495238170485449     
  0.29578403329895697     
  0.29719091819981508     
  0.29749548802265441     
  0.30058961740829820     
  0.30121536175361224     
  0.30152603017068680     
  0.30215993360460847     
  0.30288250855002796     
  0.30344848757839893     
  0.30416858295820104     
  0.30697377155437200     
  0.30822756606408014     
  0.30869924974911994     
  0.31035072312147055     
  0.31043397577166293     
  0.31156656091165102     
  0.31229521776838742     
  0.31295671614788911     
  0.31433088805990400     
  0.31534031256752104     
  0.31589809093610693     
  0.31719216257102700     
  0.31923397085595956     
  0.32221544928591916     
  0.32480579130611753     
  0.32701178785595131     
  0.33097473170580771     
  0.33204413054201842     
  0.33239715783919360     
  0.33581772586255215     
  0.33920862955376807     
  0.34054934552564237     
  0.34343404168339076     
  0.34457604272886733     
  0.34529291431402076     
  0.34796223927356684     
  0.35198683226039335     
  0.35448958797139107     
  0.36591503832005251     
  0.36883870933481222     
  0.37490438410108667     
  0.37573044343995426     
  0.38591510254009370     
  0.38727139424324264     
  0.39214991004588440     
  0.39528479950862971     
  0.40651598307990988     
  0.41213677557298878     
  0.45254247944042025     
