    1  65.50  50.490
    2  32.86  45.210
    3  52.65  46.360
    4  42.81  47.230
    5  35.00  50.770
    6  49.60  55.480
    7  57.62  57.550
    8  71.62  56.000
    9  52.91  54.930
   10  36.54  49.860
   11  61.03  48.300
   12  57.30  45.790
   13  92.15  45.170
   14 106.55  42.180
   15  82.42  37.750
   16  58.45  39.500
   17 119.45  45.320
   18  79.19  55.930
   19  53.93  61.340
   20  66.89  63.250
   21  39.73  61.010
   22  46.12  52.110
   23  51.54  42.100
   24  50.71  35.570
   25  43.42  36.510
   26  36.53  39.700
   27  38.28  40.700
   28  38.13  44.090
   29  36.09  46.590
   30  65.27  49.720
   31  84.27  51.000
   32 109.23 212.690
   33 162.08  92.240
   34 158.69 257.790
   35 201.97 231.750
   36 179.20  59.850
   37  92.74  55.100
   38  65.22  43.750
   39  43.21  38.150
   40  28.25  33.640
   41  26.76  30.900
   42  27.03  30.620
   43  41.29  34.330
   44  40.03  40.660
   45  37.43  47.580
   46  48.08  55.380
   47  59.64  59.590
   48  40.84 238.060
   49  54.57 248.290
   50  81.53 173.290
   51  69.62 155.520
   52 100.23  83.040
   53  82.59  81.750
   54  53.37  78.730
   55  88.17  75.630
   56  62.61  72.870
   57  35.87  69.250
   58  41.86  66.610
   59  51.22  66.500
   60  43.43  63.830
   61  28.97  57.620
   62  31.56  53.620
   63  33.34  48.780
   64  22.04  43.790
   65  29.93  41.910
   66  40.20  44.790
   67  37.45  43.580
   68  45.34  41.080
   69  39.13  36.070
   70  37.73  33.820
   71  22.67  31.980
   72  22.30  32.490
   73  22.10  32.780
   74  28.17  35.590
   75  25.71  36.860
   76  26.10  38.610
   77  26.74  38.180
   78  22.70  41.180
   79  30.68  47.740
   80  39.41  54.530
   81  67.21  60.270
   82  75.18  57.780
   83  46.62  51.630
   84  33.78  45.810
   85  39.59  41.070
   86  29.19  36.090
   87  22.70  33.420
   88  27.80  32.400
   89  33.33  32.650
   90  36.65  32.700
   91  37.72  35.730
   92  56.07  39.640
   93  42.19  38.720
   94  38.39  35.020
   95  31.73  33.180
   96  23.58  31.850
   97  32.13  31.670
   98  39.96  34.130
   99  35.49  33.270
  100  30.71  32.150
  101  42.16  37.030
  102  62.04  44.460
  103  67.47  48.250
  104  49.54  55.200
  105 103.34  58.400
  106 136.92  51.530
  107  54.99  43.690
  108  69.09  40.980
  109  32.73  40.610
  110  37.04  39.790
  111  44.02  38.310
  112  29.97  32.330
  113  21.86  30.920
  114  28.42  32.340
  115  21.61  30.450
  116  20.16  29.240
  117  29.55  29.970
  118  27.59  29.010
  119  18.02  25.810
  120  19.78  26.740
  121  23.89  27.330
  122  25.80  28.160
  123  17.87  27.570
  124  28.59  28.880
  125  30.28  27.990
  126  26.94  28.450
  127  27.58  30.530
  128  57.20  34.340
  129  43.06  36.360
  130  52.66  37.430
  131  29.07  33.610
  132  25.24  27.520
  133  20.32  28.030
  134  19.71  31.800
  135  19.24  33.610
  136  18.40  31.660
  137  20.67  28.190
  138  24.11  26.870
  139  27.24  30.190
  140  29.19  29.850
  141  22.41  30.100
  142  23.49  29.300
  143  27.52  32.140
  144  31.50  36.960
  145  60.53  38.990
  146  44.48  41.970
  147  58.86  45.360
  148  37.36  44.980
  149  23.66  35.640
  150  22.35  31.540
  151  18.96  29.920
  152  23.78  29.500
  153  25.21  33.510
  154  23.73  35.810
  155  29.59  42.200
  156  26.30  47.300
  157  28.98  50.440
  158  32.79  53.660
  159  40.19  55.910
  160  45.29  57.100
  161  89.39  58.810
  162  35.49  60.000
  163  58.95  61.820
  164 102.71  60.560
  165 174.83  59.620
  166 232.98 332.570
  167 362.16 245.780
  168 202.31 235.420
  169 107.24  63.000
  170 129.10 235.510
  171 146.96  36.020
  172  67.46   6.220
  173  56.64 104.470
  174  37.55  46.700
  175  40.08  41.300
  176  33.44  34.780
  177  31.17  29.790
  178  21.88  28.950
  179  19.45  31.350
  180  18.04  30.890
  181  24.55  33.420
  182  34.10  33.540
  183  29.73  32.940
  184  34.20  35.860
  185  76.48  37.250
  186  73.05  35.120
  187  50.37  32.880
  188  38.25  31.730
  189  26.84  30.770
  190  29.17  30.000
  191  23.28  30.750
  192  23.05  28.900
  193  18.38  28.640
  194  17.63  25.480
  195  16.32  24.690
  196  18.36  23.520
  197  18.06  25.420
  198  16.66  24.090
  199  21.77  23.420
  200  17.74  22.990
  201  19.67  25.460
  202  18.68  25.600
  203  20.21  24.420
  204  22.87  27.360
  205  21.37  30.690
  206  22.32  30.240
  207  31.44  31.070
  208  28.51  34.510
  209  27.85  32.540
  210  45.99  33.110
  211  62.85  36.170
  212  37.30  37.200
  213  43.83  40.750
  214  87.82  49.440
  215 177.23  54.600
  216  75.80  53.490
  217  84.42  50.880
  218  45.72  49.460
  219  60.27  49.790
  220  69.51  49.330
  221  37.06  42.530
  222  42.17  41.790
  223  63.91  42.140
  224  64.84  39.960
  225  39.95  38.000
  226  59.48  43.700
  227  94.99  46.510
  228  62.00  42.100
  229  58.94  38.550
  230  40.40  31.250
  231  33.23  30.670
  232  43.98  31.100
  233  35.23  32.010
  234  32.84  34.380
  235  54.58  35.050
  236  42.21  32.330
  237  38.05  33.810
  238  45.65  34.430
  239  43.14  37.810
  240  50.48  40.460
  241  26.14  37.050
  242  28.03  34.590
  243  50.46  33.460
  244  31.72  30.590
  245  21.18  30.460
  246  27.02  28.760
  247  33.23  29.630
  248  19.79  30.370
  249  18.33  31.980
  250  28.73  37.030
  251  33.71  35.260
  252  46.24  37.080
  253  25.83  37.580
  254  48.60  38.400
  255  45.74  36.240
  256  26.03  32.250
  257  27.40  30.520
  258  29.25  30.560
  259  23.19  29.290
  260  35.85  34.270
  261  45.74  36.520
  262  24.04  32.300
  263  27.83  33.440
  264  44.50  36.790
  265  33.81  38.730
  266  24.83  35.360
  267  33.77  37.180
  268  61.62  39.340
  269  31.39  38.880
  270  29.78  41.540
  271  55.30  46.310
  272  56.97  46.540
  273  37.46  45.640
  274  52.02  47.010
  275  57.00  44.610
  276  37.96  40.620
  277  33.97  40.420
