           1   186.60741320473920     
           2   93.628106176835601     
           3   149.99810629950807     
           4   121.95850110328944     
           5   99.721104081092705     
           6   141.30233520677552     
           7   164.14803380946876     
           8   204.05041640772109     
           9   150.74778233014001     
          10   104.11488288289901     
          11   173.88196611040070     
          12   163.25346266202999     
          13   262.52260241905253     
          14   303.57213602746981     
          15   234.81663429844977     
          16   166.51600041267523     
          17   340.30612501755786     
          18   225.61113927830974     
          19   153.65702584361989     
          20   190.57934622764844     
          21   113.17826676927702     
          22   131.39320527667360     
          23   146.84475407743861     
          24   144.46963968104183     
          25   123.71089460632703     
          26   104.06297646504163     
          27   109.07269748507323     
          28   108.64493287003722     
          29   102.81406859685984     
          30   185.94260335700397     
          31   240.08730257387214     
          32   311.19139762658358     
          33   461.77268953330662     
          34   452.10377612645942     
          35   575.40031409789412     
          36   510.52809756296870     
          37   264.20854127019987     
          38   185.80029838816247     
          39   123.11154791822877     
          40   80.479049217799570     
          41   76.224548833996835     
          42   77.003349846217816     
          43   117.64693162638281     
          44   114.04192759723333     
          45   106.63265862888343     
          46   136.98629292028440     
          47   169.91770708478350     
          48   116.34547306791536     
          49   155.45589070427607     
          50   232.26860304331399     
          51   198.34357763693910     
          52   285.56197025643394     
          53   235.30509333535923     
          54   152.06076860711977     
          55   251.19263067752928     
          56   178.36126196532743     
          57   102.19959802819943     
          58   119.25184870527798     
          59   145.93111716466117     
          60   123.71745536501562     
          61   82.543541770436349     
          62   89.915298315817182     
          63   94.974044180094694     
          64   62.780661800369245     
          65   85.259853028965352     
          66   114.54058917345972     
          67   106.69832790216904     
          68   129.16233858739898     
          69   111.47660660093459     
          70   107.49415395859751     
          71   64.576956042755626     
          72   63.543137775955785     
          73   62.958366011394745     
          74   80.252769147231731     
          75   73.237796284784238     
          76   74.361393077649240     
          77   76.181926092613708     
          78   64.660521395673712     
          79   87.396833894884438     
          80   112.28273997405343     
          81   191.48652671166218     
          82   214.17576370654297     
          83   132.82222481742801     
          84   96.234248220584647     
          85   112.78709633070004     
          86   83.162399751102811     
          87   64.674941926459852     
          88   79.201482381489257     
          89   94.947705463419027     
          90   104.42642085384834     
          91   107.46274701880466     
          92   159.74738580844885     
          93   120.18641496032072     
          94   109.37576191560203     
          95   90.396854070180311     
          96   67.186495657377975     
          97   91.537944618389531     
          98   113.84312806049165     
          99   101.10894785544221     
         100   87.503808274542564     
         101   120.12311499984725     
         102   176.73710453276811     
         103   192.22448149060676     
         104   141.15189111377035     
         105   294.42017897954003     
         106   390.07392839007196     
         107   156.66051173856269     
         108   196.83709534134229     
         109   93.251678747372779     
         110   105.53311457734267     
         111   125.41555662754115     
         112   85.391852599020268     
         113   62.289286338795257     
         114   80.976182470996605     
         115   61.556622699340366     
         116   57.442576588701044     
         117   84.188349078423187     
         118   78.599358527232553     
         119   51.348843669039283     
         120   56.339554426209311     
         121   68.053529891772982     
         122   73.512990966639961     
         123   50.914328466613227     
         124   81.450240849423665     
         125   86.270120675037617     
         126   76.749409452108395     
         127   78.583504159667143     
         128   162.97368964895156     
         129   122.68993336426510     
         130   150.01600161134624     
         131   82.826602534282955     
         132   71.914521739207387     
         133   57.899001656958234     
         134   56.141570069721524     
         135   54.818358384029736     
         136   52.431023645107281     
         137   58.893456395536475     
         138   68.683550261675293     
         139   77.616064348368411     
         140   83.166811956979899     
         141   63.851132464946161     
         142   66.933978259106738     
         143   78.409461640185270     
         144   89.735842612785206     
         145   172.43546567401268     
         146   126.72478788874825     
         147   167.70466139147121     
         148   106.44054592797283     
         149   67.397019612244236     
         150   63.679564073404492     
         151   54.027177022483365     
         152   67.744165604162944     
         153   71.832581431952406     
         154   67.616772640960249     
         155   84.304256064888591     
         156   74.915566184550585     
         157   82.558601228684537     
         158   93.429783975635360     
         159   114.49628809308462     
         160   129.02196603073617     
         161   254.66641789212468     
         162   101.12243468656601     
         163   167.95325255747349     
         164   292.63108576959257     
         165   498.09168212249352     
         166   663.74168297538336     
         167   1031.7852405135450     
         168   576.38118514644623     
         169   305.52821402277254     
         170   367.79830702918866     
         171   418.67932561012827     
         172   192.19936826226663     
         173   161.37625241130337     
         174   106.98692778445961     
         175   114.17598733246396     
         176   95.262124812772484     
         177   88.804786168181195     
         178   62.338716373162285     
         179   55.418110183720060     
         180   51.403091384286412     
         181   69.930307314447035     
         182   97.143180694488521     
         183   84.706835694188385     
         184   97.439673536423058     
         185   217.90311353909925     
         186   208.12937385207783     
         187   143.51115754691787     
         188   108.96996344965109     
         189   76.466204106587881     
         190   83.115001533365870     
         191   66.326361501099996     
         192   65.681316444105462     
         193   52.351920040372740     
         194   50.235395557596107     
         195   46.507871919936726     
         196   52.304428459091625     
         197   51.447230221271390     
         198   47.459155459348395     
         199   62.022965983931122     
         200   50.534729081865194     
         201   56.036501299009331     
         202   53.222093168447671     
         203   57.571839711024580     
         204   65.155283462974197     
         205   60.881728665657675     
         206   63.599834172835983     
         207   89.574699065733768     
         208   81.219539633589093     
         209   79.332716923910994     
         210   131.02181283307368     
         211   179.05168104296706     
         212   106.26790798963610     
         213   124.87553658388990     
         214   250.18552245826939     
         215   504.91817197861735     
         216   215.95478256962627     
         217   240.49991306275422     
         218   130.25049900946084     
         219   171.72119813607441     
         220   198.04130062497467     
         221   105.57619342728540     
         222   120.14791097809076     
         223   182.09017068744180     
         224   184.73244753283700     
         225   113.81720120975115     
         226   169.46877202082459     
         227   270.61919581017810     
         228   176.62260806126491     
         229   167.91721176885815     
         230   115.09193712516407     
         231   94.676487675131895     
         232   125.29276303627529     
         233   100.36253460418263     
         234   93.571114172860575     
         235   155.48305138241409     
         236   120.26665282775272     
         237   108.39219852552047     
         238   130.04305332228984     
         239   122.89295665578521     
         240   143.82686450055746     
         241   74.468335326584452     
         242   79.864030429927254     
         243   143.75817638951958     
         244   90.380218461736163     
         245   60.343851198011016     
         246   76.969971512792739     
         247   94.680141311740044     
         248   56.374655987609657     
         249   52.224001297369441     
         250   81.852643842664250     
         251   96.027094894772347     
         252   131.74171123165920     
         253   73.591936946290446     
         254   138.45593943785934     
         255   130.32272605618147     
         256   74.153154889888697     
         257   78.061379778401744     
         258   83.328003189119642     
         259   66.070554989340593     
         260   102.14750141670416     
         261   130.30688398135527     
         262   68.480537202145712     
         263   79.283428713399459     
         264   126.77549134235453     
         265   96.320947709636414     
         266   70.736264526792269     
         267   96.212885002760771     
         268   175.56338767434988     
         269   89.434031387012908     
         270   84.854742856882609     
         271   157.56204082895084     
         272   162.29452469796081     
         273   106.70864755765720     
         274   148.19459281871036     
         275   162.40352931779105     
         276   108.13730626419493     
         277   96.781415982711877     
