           7  0.37478251196215501        3.6007838131874416E-004
           8  0.42655319529680441        5.5037967742312208E-004
           9  0.28828204867478457        6.2944961809715226E-004
          10  0.59066956761000944        8.8567301870452655E-004
          11  0.13188560694136986        1.1334769472789840E-003
          12  0.26498250939457024        1.3542723815858086E-003
          13  0.42769227630677842        1.6231465619033912E-003
          14  0.34586655153857848        1.9489726464530009E-003
          15  0.41446481505108740        2.0041242411999519E-003
          16  0.43585080135844190        2.0904556153954579E-003
          17  0.39860801638317606        2.2099785721281513E-003
          18  0.38556874172646799        2.3540042212659680E-003
          19  0.21840309043931583        2.6256689655587951E-003
          20  0.25023985120927550        2.8240809283581890E-003
          21  0.38469861699611774        3.0326855729202557E-003
          22  0.34426290971071388        3.0748673561081033E-003
          23  0.31607498814862656        3.2777435742755968E-003
          24  0.21762105716401423        3.4895867217021267E-003
          25  0.41572771054871266        3.6745903804895536E-003
          26  0.48421384759168817        3.9183643177495564E-003
          27  0.22828390424191777        4.0355436018576088E-003
          28  0.39654649921953050        4.4027808182815487E-003
          29  0.40175135331816880        4.6766261989879552E-003
          30  0.49305682210472279        4.7524971393612435E-003
          31  0.49425065768155402        5.0264185484618995E-003
          32  0.27976346289614895        5.0723305811428655E-003
          33  0.22110042489956308        5.1915270938638980E-003
          34  0.42334415671846215        5.3368788771835885E-003
          35  0.49977666022158884        5.5131600037210057E-003
          36  0.45680712690118908        5.6599904283158595E-003
          37  0.40615305983181366        5.8343190607263017E-003
          38  0.54273180643607788        5.9193273211710371E-003
          39  0.32630228293832109        6.1167195270491713E-003
          40  0.35905897951909799        6.1711483504786604E-003
          41  0.30960200689352024        6.2927550076867407E-003
          42  0.23803420711402248        6.3764124481646561E-003
          43  0.37225572476928936        6.5094260757245000E-003
          44  0.49737728267547099        6.7709234996339417E-003
          45  0.41956943644098921        6.9035196982033028E-003
          46  0.39878061583409907        7.0667273153236466E-003
          47  0.43460499560548305        7.1428841660944554E-003
          48  0.44119801025212640        7.2757530887560522E-003
          49  0.30796286800781847        7.3395096445661098E-003
          50  0.61174660497909150        7.5651282402925965E-003
          51  0.32129805458925581        7.7263575977396951E-003
          52  0.54534091921521877        7.9719129459664990E-003
          53  0.34462509232464461        8.1132271158278930E-003
          54  0.50128573718691427        8.2269696649499811E-003
          55  0.48139507991681679        8.5505546863783501E-003
          56  0.44664577779679365        8.6452790444614975E-003
          57  0.49548795307733390        8.7983418195529059E-003
          58  0.39919949284908335        9.0230902354653374E-003
          59  0.26087875686021250        9.1478354869095543E-003
          60  0.52761503772045482        9.2535552567331765E-003
          61  0.33500603405578899        9.5289959608934830E-003
          62  0.35173078531759522        9.6287535341086448E-003
          63  0.35942233620439790        9.6607165669670200E-003
          64  0.16790805872376580        9.7106156323575176E-003
          65  0.33950869171283543        9.9319049559136001E-003
          66  0.26642998279550756        1.0134042112637971E-002
          67  0.26443238713331235        1.0342908782042403E-002
          68  0.40743109211046030        1.0422573397703014E-002
          69  0.34509069297399042        1.0535544790802565E-002
          70  0.36309433250977674        1.0688621737238358E-002
          71  0.36961272537718493        1.0839877189755241E-002
          72  0.43280916362229527        1.0920664829987239E-002
          73  0.48111347190660469        1.1027324375532211E-002
          74  0.32671433484310747        1.1180357240380490E-002
          75  0.26516237830417949        1.1245302133688996E-002
          76  0.39697136914118619        1.1420283473478907E-002
          77  0.44144070490949078        1.1494757185050808E-002
          78  0.34983688492716708        1.1713245474736809E-002
          79  0.38950296007883028        1.1944329165655413E-002
          80  0.41853294114032757        1.2098961491429482E-002
          81  0.44295710228266943        1.2173414113726711E-002
          82  0.43121079009942065        1.2411196140071561E-002
          83  0.41930925419164439        1.2451487489994232E-002
          84  0.38126655219393679        1.2795235769768376E-002
          85  0.44298581774387047        1.2844370592330576E-002
          86  0.35083946513329389        1.2924510521203122E-002
          87  0.45348428520201034        1.3156894165641123E-002
          88  0.44099765822047665        1.3268952019343326E-002
          89  0.41245607812161938        1.3458776298109574E-002
          90  0.43920242154291855        1.3586229749730115E-002
          91  0.36844424213714799        1.3792335555994573E-002
          92  0.55308700657972931        1.3903512706471530E-002
          93  0.44486066323774204        1.4084883699594961E-002
          94  0.45845213987048572        1.4319785562759219E-002
          95  0.37792199138641064        1.4455357219477757E-002
          96  0.40857373023186150        1.4540201547958495E-002
          97  0.43773976371311962        1.4634933207840402E-002
          98  0.34146887604501319        1.4790951724058260E-002
          99  0.33330769303898972        1.4852538249129041E-002
         100  0.34474929271638238        1.5209143220861568E-002
         101  0.40093305324082645        1.5391387443696619E-002
         102  0.47220776013629867        1.5424075907573850E-002
         103  0.40689095840859762        1.5570919193714458E-002
         104  0.48184875339328298        1.5646646061431957E-002
         105  0.29394862077513162        1.5770567268825073E-002
         106  0.28214628403409181        1.6042132672595407E-002
         107  0.38072421063213613        1.6195193169144528E-002
         108  0.39095983861157935        1.6358365130998323E-002
         109  0.46712676857898155        1.6410310596346286E-002
         110  0.41827113004740302        1.6775504077270478E-002
         111  0.35100264577887652        1.6966447962480917E-002
         112  0.45139899155079188        1.7001350650026271E-002
         113  0.42675592178698107        1.7180430718127495E-002
         114  0.38257141802759820        1.7354079348290460E-002
         115  0.52515963188074066        1.7358753090010167E-002
         116  0.45148104602536143        1.7447774741985514E-002
         117  0.42834033786607217        1.7829641039399304E-002
         118  0.38695537452715884        1.7945511912172658E-002
         119  0.40151060426722579        1.8015306206593813E-002
         120  0.43922913373140532        1.8108496388381204E-002
         121  0.40064920172118490        1.8451899182547575E-002
         122  0.36784772257589582        1.8621823580747248E-002
         123  0.43633145513340865        1.8846860192507725E-002
         124  0.46807257434276794        1.8878546004259488E-002
         125  0.44099079121000456        1.9000384824297875E-002
         126  0.42173300063470154        1.9304248438869829E-002
         127  0.40243213212210810        1.9410810437378394E-002
         128  0.45908859621671660        1.9601064549556294E-002
         129  0.41311481276664141        1.9835597566542754E-002
         130  0.50737516626532519        2.0029108696455356E-002
         131  0.34456420938085230        2.0118164952661242E-002
         132  0.47310220770052797        2.0211564527978173E-002
         133  0.46979292869498368        2.0299536754422583E-002
         134  0.44627990945366308        2.0543564820809945E-002
         135  0.32352642711006846        2.0602700629776694E-002
         136  0.35727598247066439        2.0674563236501582E-002
         137  0.39736150201801151        2.0800509451305665E-002
         138  0.34573419446792014        2.0987013541951826E-002
         139  0.36991200990452983        2.1172879760121277E-002
         140  0.41220262617842868        2.1243814427133405E-002
         141  0.39362972612694619        2.1366858876951528E-002
         142  0.50638916909908183        2.1463563074004665E-002
         143  0.40742007767063410        2.1591311030815370E-002
         144  0.32486705354026330        2.1702756054474262E-002
         145  0.29082962989268524        2.1760783308615875E-002
         146  0.41581953459612009        2.1815642145252025E-002
         147  0.50881256543330711        2.2046024068703381E-002
         148  0.34054566843177764        2.2203621777126530E-002
         149  0.53694054108549516        2.2500701931507206E-002
         150  0.44137741533686170        2.2722387283781460E-002
         151  0.35209479475891964        2.2781257319607347E-002
         152  0.33700051213695204        2.3058037426613612E-002
         153  0.49247443956359871        2.3249066769638515E-002
         154  0.27098546755397179        2.3278932380969369E-002
         155  0.43693604330179064        2.3324721719564970E-002
         156  0.42540097301941526        2.3543761659926127E-002
         157  0.44433119479071015        2.3660315452733553E-002
         158  0.51713546239622044        2.3697479733114635E-002
         159  0.47419493942577567        2.3838144696919146E-002
         160  0.39180709818137505        2.3991690985666829E-002
         161  0.45208550154132982        2.4128275906344948E-002
         162  0.39070037665189489        2.4273933629748660E-002
         163  0.44979947051860530        2.4373875137506613E-002
         164  0.46270192925136455        2.4536370024427448E-002
         165  0.40883923484822832        2.4654698755222242E-002
         166  0.57099654799557042        2.4770848237063693E-002
         167  0.41738891900473779        2.5045036378170890E-002
         168  0.38329563701137265        2.5152595960389500E-002
         169  0.46866943221138269        2.5303654691504151E-002
         170  0.44251260101511469        2.5485042029869637E-002
         171  0.29589964978281585        2.5524272888742244E-002
         172  0.48701871932579127        2.5651057557634926E-002
         173  0.31593813308777385        2.5770323135361737E-002
         174  0.39454931260390308        2.5966867524159637E-002
         175  0.31581216982737714        2.6144562378021100E-002
         176  0.42174910901564233        2.6169929908978314E-002
         177  0.41553955705192180        2.6234220921084229E-002
         178  0.36861358492347973        2.6412149778107134E-002
         179  0.44367928644347121        2.6599527417262677E-002
         180  0.37031383136274831        2.6710245320725932E-002
         181  0.41600004994345313        2.6833446330368931E-002
         182  0.42798834995627355        2.7000365765890582E-002
         183  0.49945470926930352        2.7096408065044618E-002
         184  0.46223821167144707        2.7173956695409549E-002
         185  0.26918257835214238        2.7330570292021072E-002
         186  0.32692087348382887        2.7447823286534521E-002
         187  0.43952755457908488        2.7608341804911101E-002
         188  0.39532515368676313        2.7676258765940636E-002
         189  0.40408839512577854        2.7794925643887587E-002
         190  0.41687516167783001        2.7950027225602567E-002
         191  0.55340078429415485        2.8207741159453362E-002
         192  0.41717829253075872        2.8319760163634591E-002
         193  0.35084167265488359        2.8371940748120154E-002
         194  0.41685812376616044        2.8559145579983167E-002
         195  0.42340795347360954        2.8577696922838462E-002
         196  0.43866659895339355        2.8724684136505842E-002
         197  0.44019965238394104        2.8924044008297931E-002
         198  0.43124659725865300        2.9034390412918731E-002
         199  0.45255168867747647        2.9108103688592804E-002
         200  0.37995384249723851        2.9307821662730129E-002
         201  0.43646608312359381        2.9383521361355060E-002
         202  0.47326749327624862        2.9653782219537912E-002
         203  0.47780806796680375        2.9705356080938106E-002
         204  0.38667604199192435        2.9820894325226610E-002
         205  0.34116452787703194        3.0001283278930282E-002
         206  0.46553993787702769        3.0043074197673776E-002
         207  0.46825286144907224        3.0144445310359182E-002
         208  0.48779375647887702        3.0244539006727016E-002
         209  0.39899450255811747        3.0324274120137683E-002
         210  0.57900031076150416        3.0681765270498103E-002
         211  0.44921486039504960        3.0741334725745726E-002
         212  0.46687359311813043        3.0933617954522527E-002
         213  0.38872938019204789        3.1069503810319091E-002
         214  0.42712050380225819        3.1257953141535171E-002
         215  0.36375178144531589        3.1274260844244159E-002
         216  0.48223832062146615        3.1456044703373105E-002
         217  0.42989619270256857        3.1469793051723760E-002
         218  0.32778721755807255        3.1638166857130640E-002
         219  0.48018302193688539        3.1794375085419518E-002
         220  0.43027748793780835        3.1869417790285001E-002
         221  0.39299615751692651        3.1893500703225365E-002
         222  0.49484344459374091        3.1970342737862770E-002
         223  0.45850022816631220        3.2176965618468542E-002
         224  0.38568184684598433        3.2248047461955996E-002
         225  0.47716715241278562        3.2290162749299106E-002
         226  0.52170179905733127        3.2442342769260252E-002
         227  0.42076240028679462        3.2551661942179358E-002
         228  0.33576172438515911        3.2674785522917214E-002
         229  0.42572448527709789        3.2800843177223447E-002
         230  0.43627571136225418        3.2898514613427986E-002
         231  0.47312549423014788        3.2976763859691116E-002
         232  0.49034124621841274        3.3128719013288559E-002
         233  0.47269799638134136        3.3254306788543353E-002
         234  0.38139350916161618        3.3369672145685994E-002
         235  0.40185992791462105        3.3504834586578068E-002
         236  0.41220323203767884        3.3650708328300090E-002
         237  0.50212247621621364        3.3689314857029529E-002
         238  0.53819092004661317        3.3834322607153029E-002
         239  0.35119274735748901        3.3940115546134290E-002
         240  0.42365384399184419        3.4120599013671905E-002
         241  0.40909416551706185        3.4222946981373618E-002
         242  0.50559228789830679        3.4349473012526568E-002
         243  0.51599620867172280        3.4445106529154085E-002
         244  0.46983270174318559        3.4580388014814507E-002
         245  0.49680083751880511        3.4816288693213869E-002
         246  0.42165373677720303        3.4983789828010821E-002
         247  0.41571621516567581        3.5086318674740304E-002
         248  0.52106941140803109        3.5123435008973997E-002
         249  0.50231223159882255        3.5222800025889490E-002
         250  0.41372630489735612        3.5348419705455977E-002
         251  0.41202459113461054        3.5405986593534632E-002
         252  0.39558272768041036        3.5579977729466035E-002
         253  0.44678726139187475        3.5754897835504520E-002
         254  0.48992615872879375        3.5875490039632009E-002
         255  0.39789024243381876        3.6039188227033940E-002
         256  0.51587117866556953        3.6252570365007890E-002
         257  0.48406079948151315        3.6317599520695881E-002
         258  0.41287460829484657        3.6442577965132561E-002
         259  0.41853133665663395        3.6536780530233452E-002
         260  0.43547857509614485        3.6559847258418161E-002
         261  0.41608019358034287        3.6645414309181341E-002
         262  0.52703554260587271        3.6805700950749906E-002
         263  0.44376667276159049        3.6878900586016033E-002
         264  0.47303529068587979        3.6990420676579740E-002
         265  0.43640655456927763        3.7158400446200085E-002
         266  0.45410080736908276        3.7172026700700564E-002
         267  0.53451513701534092        3.7394014512620213E-002
         268  0.47668056675412246        3.7592473107361864E-002
         269  0.51379932304967901        3.7640375012717768E-002
         270  0.46338132219650863        3.7782382892228926E-002
         271  0.46242278494403477        3.7847209584833091E-002
         272  0.39967214763392550        3.7898050087470700E-002
         273  0.40128320161848702        3.8267926720396021E-002
         274  0.52283895036634875        3.8311027079588951E-002
         275  0.39421897758671959        3.8513701321942082E-002
         276  0.28843646397207989        3.8553767988050755E-002
         277  0.36229410949930546        3.8584285574604513E-002
         278  0.49786047668785288        3.8782288605886839E-002
         279  0.41061177458542342        3.8847747426235438E-002
         280  0.46636848170059819        3.9149848973596642E-002
         281  0.44435085628769705        3.9205487850338144E-002
         282  0.49516315760961638        3.9279919659666360E-002
         283  0.55475819407251070        3.9486401484600926E-002
         284  0.43833262669667750        3.9540674812483245E-002
         285  0.54850575267121193        3.9575296111864909E-002
         286  0.47815021499803179        3.9785914367451325E-002
         287  0.45970360829534412        3.9816560323501039E-002
         288  0.51286218735710909        3.9965171981743618E-002
         289  0.43752547373151257        4.0144605167209878E-002
         290  0.53154807967311624        4.0173816604148163E-002
         291  0.43700140269726534        4.0272490906500646E-002
         292  0.46536612431046653        4.0429758775493450E-002
         293  0.50781796917406552        4.0577409832974864E-002
         294  0.45811227208932515        4.0844526370692844E-002
         295  0.56170586818811263        4.0867894911972132E-002
         296  0.48229103933680650        4.0909451176276299E-002
         297  0.43433077522027635        4.1091499649137657E-002
         298  0.34055695789785140        4.1160087264526538E-002
         299  0.52067767791352060        4.1325046064490063E-002
         300  0.39666809054062752        4.1425162889233744E-002
         301  0.47295221424114109        4.1620678508234199E-002
         302  0.49236819446554814        4.1727575435840297E-002
         303  0.48733243047896802        4.1762235111332639E-002
         304  0.41588884825753980        4.1919474031712374E-002
         305  0.48179232814436657        4.2091415138767144E-002
         306  0.44254813332445364        4.2148042702544679E-002
         307  0.46981599507883104        4.2184807909835281E-002
         308  0.42411347392420085        4.2299251147334904E-002
         309  0.48364872416252846        4.2378556954592861E-002
         310  0.50175345358644918        4.2421336373569776E-002
         311  0.52127401657660777        4.2764730132472874E-002
         312  0.42736201186828970        4.2796140626596230E-002
         313  0.36449676510838824        4.2900684919042538E-002
         314  0.38150193870058474        4.2976272712757529E-002
         315  0.49776314407791755        4.3038680983054620E-002
         316  0.36009009239608092        4.3125680835692695E-002
         317  0.38825105358591872        4.3303565291298626E-002
         318  0.52379274865018710        4.3445920116766450E-002
         319  0.38464857433111882        4.3542580642395134E-002
         320  0.41388631229692230        4.3601469042298953E-002
         321  0.48547600718435446        4.3637693436329124E-002
         322  0.43667814203258909        4.3861673455146806E-002
         323  0.53103058895428612        4.3892949943161459E-002
         324  0.38263989741216059        4.4060332282647219E-002
         325  0.45560201943273676        4.4171257029753969E-002
         326  0.47048917223222214        4.4207363000889684E-002
         327  0.41900318461829061        4.4310799960096424E-002
         328  0.55163463722948625        4.4445108406260751E-002
         329  0.55858905046021201        4.4594744049623547E-002
         330  0.48402511070399246        4.4673160032277164E-002
         331  0.41358886662425803        4.4757830635064458E-002
         332  0.46733553550954249        4.4945388416739139E-002
         333  0.50821933647124828        4.5109710532964545E-002
         334  0.57329599974233036        4.5219874508547322E-002
         335  0.46459365069344510        4.5356688100744474E-002
         336  0.49545593631318346        4.5440038143155441E-002
         337  0.54072303838729707        4.5616846804694314E-002
         338  0.47538081406626254        4.5729812167222675E-002
         339  0.49049457322223888        4.5867319689858986E-002
         340  0.51138390789111232        4.5964471692492868E-002
         341  0.52290339856526835        4.6090467995153456E-002
         342  0.46147789812943651        4.6268003928646807E-002
         343  0.50056411065232265        4.6345452088792670E-002
         344  0.40843803620543184        4.6423352444948385E-002
         345  0.50054319768699829        4.6529151958458546E-002
         346  0.54246429211885161        4.6671533130728499E-002
         347  0.53334441818921141        4.6789730017644027E-002
         348  0.46916182476489443        4.6920716122431101E-002
         349  0.46533650784475411        4.6983697570589907E-002
         350  0.44311110478389787        4.7093107048285371E-002
         351  0.47117248343684792        4.7127899297533041E-002
         352  0.52173929034119770        4.7384004230381443E-002
         353  0.40745704678348560        4.7434047591461123E-002
         354  0.48430724834145544        4.7458386151514591E-002
         355  0.56307781968016890        4.7732791322451701E-002
         356  0.53405448005917522        4.7735994389689652E-002
         357  0.49739522304388811        4.7805396568517788E-002
         358  0.52547802138503508        4.7892514004797278E-002
         359  0.56796204527249006        4.8143756490112682E-002
         360  0.50020550400192032        4.8208200282805674E-002
         361  0.48836119884484885        4.8312875903125801E-002
         362  0.47923148245729152        4.8362718909354833E-002
         363  0.39350994462516981        4.8455294697516506E-002
         364  0.46511671292027279        4.8559511825553216E-002
         365  0.45541283217435552        4.8589891339115572E-002
         366  0.52060425712436620        4.8738870753275251E-002
         367  0.51191903743953004        4.8887128258962936E-002
         368  0.47041312757902087        4.8911877519255166E-002
         369  0.45236378997238669        4.9000639228613307E-002
         370  0.52865473294643917        4.9039682314714325E-002
         371  0.50281993467401798        4.9162527263749665E-002
         372  0.52924870689310788        4.9406060508257188E-002
         373  0.51739251595565872        4.9475828912581288E-002
         374  0.52191492198483302        4.9628609362300055E-002
         375  0.50402308117464512        4.9663685255699225E-002
         376  0.52822976826497070        4.9755437458791879E-002
         377  0.44091785986584270        4.9991152868150202E-002
         378  0.50757240318602059        5.0129318042993157E-002
         379  0.47410644305602950        5.0201907195439696E-002
         380  0.55344457370781541        5.0402513500179984E-002
         381  0.55409817992766408        5.0454199044819750E-002
         382  0.53813623309369907        5.0633461727244436E-002
         383  0.48228990140255035        5.0709005909742394E-002
         384  0.49357357155554626        5.0799403613922517E-002
         385  0.49417778551797403        5.0897816886609076E-002
         386  0.53817925184345428        5.0968734534714344E-002
         387  0.53662474274321081        5.1053372041361414E-002
         388  0.52503691780955331        5.1076288899873812E-002
         389  0.52114605906738209        5.1310851346211203E-002
         390  0.53871253474674297        5.1541396196623575E-002
         391  0.56437884176317166        5.1622298135373314E-002
         392  0.56743220184981491        5.1778044768587814E-002
         393  0.44937425562346639        5.1806437841547294E-002
         394  0.55059396246733694        5.1880765828148531E-002
         395  0.47907002328928333        5.2027373782643389E-002
         396  0.44834294456413132        5.2145612688946665E-002
         397  0.56811510945911914        5.2265898752401507E-002
         398  0.48235929412121648        5.2297600490952320E-002
         399  0.49247397252345976        5.2511336220803964E-002
         400  0.50600776761586053        5.2537713270666885E-002
         401  0.41558874109771993        5.2553308083056589E-002
         402  0.52322419375497098        5.2738551941407322E-002
         403  0.51036285186890296        5.2865294877253166E-002
         404  0.44181148890633770        5.2933612768769012E-002
         405  0.53560181053138034        5.2994916999740335E-002
         406  0.53312841940790201        5.3188061540741252E-002
         407  0.47722628756594959        5.3275515668567940E-002
         408  0.52160521090186518        5.3372287061041017E-002
         409  0.50564643798003284        5.3446892660262313E-002
         410  0.53234160573408251        5.3597277807955139E-002
         411  0.45822038806755860        5.3676197430727698E-002
         412  0.38372626977584340        5.3827252898172695E-002
         413  0.53577404999722122        5.3930169379975017E-002
         414  0.49167658722208352        5.4004618297295214E-002
         415  0.54104375107185698        5.4027191501910210E-002
         416  0.49541701577405134        5.4164836069768116E-002
         417  0.34459812710862570        5.4397315781250545E-002
         418  0.57474800011711946        5.4546492587312589E-002
         419  0.43866077905748668        5.4614343664049582E-002
         420  0.43829829104105050        5.4819147050339800E-002
         421  0.47258604499155749        5.5063542127250752E-002
         422  0.37680700478215540        5.5159331228568378E-002
         423  0.49799117577386365        5.5166156630985834E-002
         424  0.51716177659677820        5.5317033694078081E-002
         425  0.42811610808754752        5.5481956367221329E-002
         426  0.60553789799741697        5.5570443828086562E-002
         427  0.42960534459412392        5.5746662908636439E-002
         428  0.47528920818370490        5.5966348992703120E-002
         429  0.54031821381857925        5.6029020054833942E-002
         430  0.53900545639309883        5.6201169265628952E-002
         431  0.52993858151328133        5.6293590707186758E-002
         432  0.37949196043824496        5.6424868047424796E-002
         433  0.61623168043300602        5.6568537276794305E-002
         434  0.48831596014678802        5.6690367549548232E-002
         435  0.49223970399430145        5.6756174268718151E-002
         436  0.46989967603257465        5.6893904614730748E-002
         437  0.42069376862454860        5.7017703759495289E-002
         438  0.53984226547580050        5.7067445456312239E-002
         439  0.40750722949359458        5.7131644562501693E-002
         440  0.49049878860913765        5.7325685472059150E-002
         441  0.43863208372650353        5.7464037700729081E-002
         442  0.56414964022385761        5.7612668946021968E-002
         443  0.42546994491032802        5.7801718523721526E-002
         444  0.50327197006073621        5.7930056183503782E-002
         445  0.55319423534401668        5.8044347698880387E-002
         446  0.54993171472835489        5.8182188514768536E-002
         447  0.48802085209684848        5.8278132016820625E-002
         448  0.55066831102088887        5.8319485077724616E-002
         449  0.53264287770860508        5.8521852713154444E-002
         450  0.56277117987067338        5.8631001198624175E-002
         451  0.54372243102111439        5.8655603143103342E-002
         452  0.51872133849448232        5.8701248260464640E-002
         453  0.55076423452800916        5.8869590161706120E-002
         454  0.58518622768846085        5.8952256649733747E-002
         455  0.49741855987848821        5.9199100334020573E-002
         456  0.50455144596850443        5.9309246347693148E-002
         457  0.51250711529168358        5.9404028326400488E-002
         458  0.48830349074922519        5.9573250324699449E-002
         459  0.49340281492739502        5.9687873256143907E-002
         460  0.35794894097201929        5.9702017035116524E-002
         461  0.50379233558258341        5.9932959598081634E-002
         462  0.46308098902686046        5.9980850395635582E-002
         463  0.49144766917734561        6.0131181180393033E-002
         464  0.57119205984900001        6.0316823632153162E-002
         465  0.25518612484339037        6.0423691000573744E-002
         466  0.48835039295774668        6.0485887951149786E-002
         467  0.43011702903744553        6.0680403597155111E-002
         468  0.49093867357154164        6.0695070482048002E-002
         469  0.50249223650870645        6.0900477528485493E-002
         470  0.38187788743958734        6.0959949020678653E-002
         471  0.47564553196064752        6.1082100471191093E-002
         472  0.58527408958629068        6.1317244946768955E-002
         473  0.42679710949452021        6.1404906424575405E-002
         474  0.38276579109060921        6.1597489674850424E-002
         475  0.51184124108927820        6.1707219001695499E-002
         476  0.53125788617748160        6.1788826938889110E-002
         477  0.46982983306581172        6.1858578501400661E-002
         478  0.52411764084868717        6.2002844233851870E-002
         479  0.51886800800799271        6.2150186956956600E-002
         480  0.48443127916136092        6.2267018881551395E-002
         481  0.51743780150434537        6.2452659216890270E-002
         482  0.55367376357336495        6.2472567326775426E-002
         483  0.46317692409992928        6.2645101796191011E-002
         484  0.47463348477883999        6.2710276533625001E-002
         485  0.55625694225631284        6.2928700396709419E-002
         486  0.39582676226371044        6.3079257584170753E-002
         487  0.46416255957584951        6.3359544713361998E-002
         488  0.47196511908772726        6.3415839730659979E-002
         489  0.48319952328247179        6.3536561585048390E-002
         490  0.48461211247299335        6.3676039731675793E-002
         491  0.48830260751216820        6.3759364272928151E-002
         492  0.53735011948487310        6.3976187306533885E-002
         493  0.36545027482960440        6.4229611214349155E-002
         494  0.41036277884783851        6.4363399068816649E-002
         495  0.51453870182908734        6.4477454543946350E-002
         496  0.46966874103125450        6.4505301979934315E-002
         497  0.49443942171941035        6.4694899434768541E-002
         498  0.47975060577087036        6.4812638077539619E-002
         499  0.49755328151231348        6.4940893983012615E-002
         500  0.53998347685249082        6.5109102547563719E-002
         501  0.49816912277009723        6.5348744240384268E-002
         502  0.51677680450821473        6.5353373423904321E-002
         503  0.46623702992462757        6.5614954077852450E-002
         504  0.55152744399665443        6.5717046843776286E-002
         505  0.48878423670556770        6.5824775810024355E-002
         506  0.51879045957798309        6.5914722880211565E-002
         507  0.60410229239005309        6.6113976804338295E-002
         508  0.56925858472468416        6.6310483296528264E-002
         509  0.52061698398440603        6.6530690152095173E-002
         510  0.45854378245256749        6.6702480828568139E-002
         511  0.57237652234141634        6.6825152382057551E-002
         512  0.48310424126372731        6.6996059335440797E-002
         513  0.52700403021724607        6.7202776767017178E-002
         514  0.45964002447686508        6.7256901309426173E-002
         515  0.49681165032680741        6.7303790116398740E-002
         516  0.53215492243604612        6.7397707682536376E-002
         517  0.57943310189045527        6.7736729359613335E-002
         518  0.52457016444429549        6.7833394606353181E-002
         519  0.49459124521753539        6.7935752028560642E-002
         520  0.54902961807135409        6.8051158059717523E-002
         521  0.53331043484747387        6.8099673767477442E-002
         522  0.42614271890432454        6.8408542680513995E-002
         523  0.43378376098925536        6.8481064634644997E-002
         524  0.28207434277191462        6.8617814270250668E-002
         525  0.50180448665741817        6.8876439574620182E-002
         526  0.48731861667283533        6.9043237270965202E-002
         527  0.57815170002372929        6.9113459653172796E-002
         528  0.45959603141960209        6.9324566898291959E-002
         529  0.46848112072758447        6.9513566967621593E-002
         530  0.53296779428837582        6.9590244241867188E-002
         531  0.40722551743582630        6.9772279627783401E-002
         532  0.43302196331468251        6.9841711881343249E-002
         533  0.60416158098048678        6.9946845135428481E-002
         534  0.55615806018130931        7.0175062541681668E-002
         535  0.54391316696727310        7.0251751415628894E-002
         536  0.56360107437979556        7.0382500599989697E-002
         537  0.46027762113515641        7.0538920419315074E-002
         538  0.51065208808199691        7.0749788468946972E-002
         539  0.49281430823491978        7.0900569076850939E-002
         540  0.52813607456429645        7.1013091549914101E-002
         541  0.35066540392330975        7.1156532049024210E-002
         542  0.51422023314873067        7.1279247277530738E-002
         543  0.52622647237870113        7.1532011557352990E-002
         544  0.44613558379829343        7.1572278076047893E-002
         545  0.50763565819872936        7.1716392973930621E-002
         546  0.55802602408641377        7.1834346080687408E-002
         547  0.49899525264254552        7.1968520868540276E-002
         548  0.49999198138213574        7.2126724505667650E-002
         549  0.53391773811480892        7.2285439484727973E-002
         550  0.46078847245423399        7.2471217680929442E-002
         551  0.55562759256781091        7.2587892491989839E-002
         552  0.56089958539967744        7.2685499364191150E-002
         553  0.57698823143373212        7.2792738892271627E-002
         554  0.49565465161946326        7.2932455715775169E-002
         555  0.52707146736226895        7.3126876740027547E-002
         556  0.51135771398927798        7.3354964153756877E-002
         557  0.56469363141759066        7.3422908239232171E-002
         558  0.49085824271731959        7.3511220065207022E-002
         559  0.44811323724966334        7.3724399654377423E-002
         560  0.48444012730579283        7.3809353387956300E-002
         561  0.42440228922503070        7.3902054293515831E-002
         562  0.53569439742772595        7.4163051050837314E-002
         563  0.54881469876325506        7.4350618191350373E-002
         564  0.49746555119189473        7.4454464449742991E-002
         565  0.54738578356999612        7.4593163526142259E-002
         566  0.53342564579662988        7.4625893812621469E-002
         567  0.53663483962718705        7.4874308580249835E-002
         568  0.53787640065763098        7.5085112699588549E-002
         569  0.56592113792783061        7.5257443949001052E-002
         570  0.58705315919087198        7.5378359657528884E-002
         571  0.56017367425522702        7.5621131869246488E-002
         572  0.48897432717188899        7.5744553084371932E-002
         573  0.57877567538396368        7.5992193295097404E-002
         574  0.50405369729796878        7.6004822659276244E-002
         575  0.49543704564858243        7.6221269274348732E-002
         576  0.45784086235442484        7.6444055375948700E-002
         577  0.62820978836228347        7.6711664811576971E-002
         578  0.53430856276678607        7.6750776578145385E-002
         579  0.48215843528241931        7.6938816939059920E-002
         580  0.54495875748300193        7.7069279475933797E-002
         581  0.53685319275279531        7.7496972405231498E-002
         582  0.47081632544529706        7.7650281613330027E-002
         583  0.54464599249591550        7.7734645824997367E-002
         584  0.47939930630436889        7.8048337391337347E-002
         585  0.53122309198160511        7.8095516620297262E-002
         586  0.39416381233441239        7.8394636910090951E-002
         587  0.56173362047992892        7.8464876197302302E-002
         588  0.57591223666591040        7.8769782028604213E-002
         589  0.50863710927855965        7.8856566649132459E-002
         590  0.53740220690669305        7.8979907915757139E-002
         591  0.46290581353833121        7.9219018289422030E-002
         592  0.54530700352461836        7.9309894440434445E-002
         593  0.50023544092590022        7.9563628553261698E-002
         594  0.55431409217829619        7.9673712999151533E-002
         595  0.53068328466836223        7.9742844450341147E-002
         596  0.53603731587507342        7.9963949325804654E-002
         597  0.51476980299256669        8.0121339066983349E-002
         598  0.53496867637509526        8.0227494805361468E-002
         599  0.49585064915923927        8.0467790455257718E-002
         600  0.53273057367852650        8.0627209172940015E-002
         601  0.52683134368808904        8.0699444895678818E-002
         602  0.52125770088464818        8.0937304408871744E-002
         603  0.53768582881903071        8.1174130647405557E-002
         604  0.48895798295826398        8.1241671765507367E-002
         605  0.40285922381425610        8.1460676378478578E-002
         606  0.42662414875724453        8.1554138441238017E-002
         607  0.54594120284294123        8.1631361389912740E-002
         608  0.51789772365936293        8.1738455140114422E-002
         609  0.43953515366138840        8.1953413364341157E-002
         610  0.46677584046814907        8.2182867844984700E-002
         611  0.37654096366325934        8.2342954559296064E-002
         612  0.45373856015122632        8.2577332013697033E-002
         613  0.48351421350291812        8.2807043103918607E-002
         614  0.48389849492895931        8.2961026701172599E-002
         615  0.54954495885622578        8.3163902435528445E-002
         616  0.48394340141201675        8.3282256668287410E-002
         617  0.44696833485177839        8.3529484270132931E-002
         618  0.43080212609371327        8.3771693750734177E-002
         619  0.46488794221902130        8.3803034941250312E-002
         620  0.51142730918671953        8.4156909727566689E-002
         621  0.41897694295999599        8.4277220928110130E-002
         622  0.50892180096619322        8.4444124307982316E-002
         623  0.51006083978976224        8.4706154629425809E-002
         624  0.54010838925939220        8.4882167514143986E-002
         625  0.47711375997628747        8.4996540008617977E-002
         626  0.42598778648643787        8.5064927865589321E-002
         627  0.39477233808787460        8.5392571392088640E-002
         628  0.52575271606394869        8.5499561356893794E-002
         629  0.42000019016083562        8.5666070326394991E-002
         630  0.49003743882808909        8.5787156407965040E-002
         631  0.40324545828555486        8.5918422133610839E-002
         632  0.50039381256604021        8.6097195341922950E-002
         633  0.53009559470091028        8.6349313684381465E-002
         634  0.53119760847825603        8.6656926549031371E-002
         635  0.43919128411906588        8.6929346169704963E-002
         636  0.51304572147036565        8.7156273058873857E-002
         637  0.50129397574175094        8.7242774166804357E-002
         638  0.50463835853387262        8.7359379022058925E-002
         639  0.48535211449246557        8.7550732665706052E-002
         640  0.41370993929490191        8.7644259842230871E-002
         641  0.40253440351259273        8.7923742829837406E-002
         642  0.50104681049381716        8.8233012953937692E-002
         643  0.47469126909380310        8.8404347557667171E-002
         644  0.57999537052008865        8.8463263003965203E-002
         645  0.43669903592681020        8.8686188654968384E-002
         646  0.47089520306525773        8.8806004248715403E-002
         647  0.49776245477950798        8.9036288393565310E-002
         648  0.51569698314150358        8.9120189131106184E-002
         649  0.39664059993999823        8.9275899131277689E-002
         650  0.47571210798449842        8.9485312544951345E-002
         651  0.45715099136790111        8.9558649942285851E-002
         652  0.42659282968263523        8.9623216736807912E-002
         653  0.47195478959255732        8.9814381082797420E-002
         654  0.44075403516404205        8.9928761488104400E-002
         655  0.43208197712468416        9.0099999221105884E-002
         656  0.38002719794268452        9.0432507018460770E-002
         657  0.52730389113324017        9.0579188613873124E-002
         658  0.51099755804055802        9.0775064907658798E-002
         659  0.47095937935005616        9.0877372670898099E-002
         660  0.37808129452329448        9.1027592119623219E-002
         661  0.41743845952324432        9.1594247829217004E-002
         662  0.46054639842001965        9.1728105088144538E-002
         663  0.49337666802825092        9.1823727623376872E-002
         664  0.46395836721879680        9.1997434925275151E-002
         665  0.47073632389573750        9.2128981985866609E-002
         666  0.50242369047727242        9.2402310471950008E-002
         667  0.45364829212770746        9.2730557912928266E-002
         668  0.43040605066701099        9.2838244430393749E-002
         669  0.46073461918014613        9.2942834039045963E-002
         670  0.41877157994714120        9.3127449866840781E-002
         671  0.39859325230407389        9.3329813461948186E-002
         672  0.46007865201027348        9.3619944028778407E-002
         673  0.44972284329156981        9.3838762737797232E-002
         674  0.42360137340666598        9.3878881689943308E-002
         675  0.41225269434344780        9.4075962942065966E-002
         676  0.49679427417107835        9.4461555521190788E-002
         677  0.47915624394187117        9.4531487658130020E-002
         678  0.37964849517648686        9.4849964209639384E-002
         679  0.44749870156986971        9.5011545108019138E-002
         680  0.45032963762172989        9.5065063201615910E-002
         681  0.43884717443867116        9.5112125662056221E-002
         682  0.41271530982303267        9.5440594151195116E-002
         683  0.47623757301083536        9.5634005035944464E-002
         684  0.51133307187283195        9.5862606085262939E-002
         685  0.38362285560155562        9.6201357438808532E-002
         686  0.47403412645718768        9.6317578165063533E-002
         687  0.47503856914391313        9.6505621213338375E-002
         688  0.42898591472610548        9.6749633762908543E-002
         689  0.42663750448894100        9.6760025085680185E-002
         690  0.39251362869184048        9.6898488036220670E-002
         691  0.43652690621808887        9.7161103352310790E-002
         692  0.45031007364586445        9.7380885284392621E-002
         693  0.51713181235486139        9.7505475893768775E-002
         694  0.41918049431098359        9.7834719879412849E-002
         695  0.41595854509028524        9.8080985398739953E-002
         696  0.46794617768888003        9.8347649622359742E-002
         697  0.45751377253737380        9.8467105509011152E-002
         698  0.40566940039947630        9.8697833257032658E-002
         699  0.44001655354396468        9.8945192686946445E-002
         700  0.48678921269700276        9.9289913329546176E-002
         701  0.52081703050911798        9.9522060491973235E-002
         702  0.46559461253247220        9.9654507348888449E-002
         703  0.41852771049976217        9.9911692266621041E-002
         704  0.43071817536392354        9.9985585356973175E-002
         705  0.41227664593747182       0.10008783883751096     
         706  0.47658824281216472       0.10040393437497067     
         707  0.48952586918286034       0.10053661924385388     
         708  0.43510183209697867       0.10061363090543607     
         709  0.49218933926699149       0.10099326034084767     
         710  0.46438126515752981       0.10111583110906605     
         711  0.43487930034612554       0.10116161150579521     
         712  0.42087040410265392       0.10127639007808344     
         713  0.42885080910942441       0.10158808531353690     
         714  0.49826210203919580       0.10181015747547349     
         715  0.39303859441177902       0.10234421642600426     
         716  0.43365301463877431       0.10245325711839283     
         717  0.40826864659298590       0.10281463279729651     
         718  0.43523212615427703       0.10319206006955539     
         719  0.42581351201490242       0.10335588352890065     
         720  0.36919353446575665       0.10377116634797977     
         721  0.43614038449192571       0.10395214017375258     
         722  0.41578024906983624       0.10419132944721088     
         723  0.43519345565660117       0.10453696541102128     
         724  0.47710457059683797       0.10479555489230533     
         725  0.37102983830090885       0.10498756505667010     
         726  0.35993360868344920       0.10515186845564424     
         727  0.42236493518067353       0.10573649704728044     
         728  0.48435012574536246       0.10585063968840841     
         729  0.42728534880622221       0.10594278363701430     
         730  0.41142473620691605       0.10632503561230626     
         731  0.42601399723329014       0.10642531882816232     
         732  0.49752082727178698       0.10687196285614985     
         733  0.43277232802537885       0.10697509916457992     
         734  0.46612237464063005       0.10705870742771680     
         735  0.41790162126733071       0.10721833765572751     
         736  0.36310038063070427       0.10752632230525534     
         737  0.43346924072873078       0.10805732107222477     
         738  0.42706092684656721       0.10822798276154311     
         739  0.44930697610197801       0.10844381835570632     
         740  0.41322528558913857       0.10875019468613545     
         741  0.42507038651662610       0.10891573798783467     
         742  0.48256868541468606       0.10921943336265388     
         743  0.33562438124899374       0.10963899089372076     
         744  0.39611967563296357       0.10976385073750329     
         745  0.40436633013689499       0.10988185396642720     
         746  0.44688102562285570       0.11032598047080384     
         747  0.36539553922829476       0.11055671368929457     
         748  0.44697418099578246       0.11070708767463290     
         749  0.38411026428781925       0.11130392945328929     
         750  0.37734093707173477       0.11142182366009890     
         751  0.41331615728471005       0.11168270026285715     
         752  0.43880832173121093       0.11183787564061554     
         753  0.26234433699012577       0.11226106642981672     
         754  0.36657926916475525       0.11259143589867401     
         755  0.31229813893161401       0.11263327838267362     
         756  0.38673458386386783       0.11288349165121442     
         757  0.37542971554834659       0.11350235633189959     
         758  0.37363240376040674       0.11367116128780995     
         759  0.31481525282651412       0.11405075090371633     
         760  0.37464185455385302       0.11433744917090215     
         761  0.37314244910246125       0.11457442456389245     
         762  0.37112238059347746       0.11496947269191908     
         763  0.28521184883611361       0.11543546768078737     
         764  0.40196904731390509       0.11574345572409032     
         765  0.36746659762465061       0.11624798681201975     
         766  0.37155636089792671       0.11658252051255912     
         767  0.36259464075980136       0.11693949175779887     
         768  0.40785990776829190       0.11738370278358602     
         769  0.23510323231734995       0.11750196096385872     
         770  0.41033748770233258       0.11756372590170389     
         771  0.38132908232003815       0.11789003152949623     
         772  0.37229513345572318       0.11827732838366672     
         773  0.33531223485338180       0.11861472190298647     
         774  0.41828589780504732       0.11895996288817991     
         775  0.39399724993186436       0.11975799105244983     
         776  0.36019598417567350       0.11989779791185971     
         777  0.42486203124669686       0.12019873901839946     
         778  0.43603260137543076       0.12073391226856221     
         779  0.41862774087876681       0.12100501916402223     
         780  0.33646192162666194       0.12146622280423264     
         781  0.38121737465320021       0.12201732418170194     
         782  0.42959498597676049       0.12233618163283019     
         783  0.35622192028963778       0.12269528917796632     
         784  0.34321777438589357       0.12328730428218360     
         785  0.30502778117414120       0.12382604977945508     
         786  0.39883848505282626       0.12422000944589376     
         787  0.37918441978441081       0.12461865024382739     
         788  0.39343773792744841       0.12557444063926129     
         789  0.32663972394580948       0.12592172854371320     
         790  0.38197702660858551       0.12637489526182000     
         791  0.37325095079731879       0.12734093665612178     
         792  0.39363717828764538       0.12750769223761116     
         793  0.29388812916033530       0.12830074649516496     
         794  0.35835029874156976       0.12838588229110928     
         795  0.34194763269164630       0.12862007361303288     
         796  0.36386828086003514       0.12898322645781499     
         797  0.37726741659959262       0.12961016571557810     
         798  0.27864479898557643       0.12996970234832525     
         799  0.39784158114001611       0.13058538625865276     
         800  0.27359721310009133       0.13100665223053520     
         801  0.35585170796498300       0.13121731967577824     
         802  0.17690561643690861       0.13220364683900337     
         803  0.32132016311710232       0.13227500188084004     
         804  0.24652832277352812       0.13312869478500594     
         805  0.35565781453696999       0.13357670165121610     
         806  0.23297400811277511       0.13528831140010231     
         807  0.30170742003559881       0.13591917057886366     
         808  0.29684795460713570       0.13645018875983372     
         809  0.32920997581766942       0.13760357006561907     
         810  0.33828614294782411       0.13859507308440605     
         811  0.28010261272933656       0.13894881201377182     
         812  0.27773155159789842       0.14005206310880508     
         813  0.32364638332943535       0.14057882310947548     
         814  0.31708076590734635       0.14190962186866271     
         815  0.18564042012132212       0.14306592654856029     
         816  0.31897362370895299       0.14415234312604222     
         817  0.23866812503356741       0.14500993567393350     
         818  0.25117924762467853       0.14576728280390466     
         819  0.26971493634089344       0.14727513048032873     
         820  0.21945415971429152       0.14840198407511970     
         821  0.23250350176196205       0.14969170786639668     
         822  0.21533126213532192       0.15026854131758774     
         823   6.5762179064198317E-002  0.15143243760616448     
         824  0.17401317729922020       0.15288193973773087     
         825   9.8115255736131626E-002  0.15371742230360461     
         826  0.21640281903165132       0.15499567637061890     
         827  0.16951574741194597       0.15598527527667871     
         828  0.15972626164122791       0.15928623261365363     
         829  0.17569398818259740       0.15984422998181505     
         830   6.7430443065840603E-002  0.16156250898613092     
         831   9.2646720107607605E-002  0.16558487845457978     
