 beta=  0.35100388415431910     
  -9.0253855692534395E-016
  -4.2318795253972339E-016
  -2.7216041781667154E-016
  -2.4661213469194951E-016
  -1.7308364433243431E-017
   8.5486761286819048E-017
   3.6007838131874416E-004
   5.5037967742312208E-004
   6.2944961809715226E-004
   8.8567301870452655E-004
   1.1334769472789840E-003
   1.3542723815858086E-003
   1.6231465619033912E-003
   1.9489726464530009E-003
   2.0041242411999519E-003
   2.0904556153954579E-003
   2.2099785721281513E-003
   2.3540042212659680E-003
   2.6256689655587951E-003
   2.8240809283581890E-003
   3.0326855729202557E-003
   3.0748673561081033E-003
   3.2777435742755968E-003
   3.4895867217021267E-003
   3.6745903804895536E-003
   3.9183643177495564E-003
   4.0355436018576088E-003
   4.4027808182815487E-003
   4.6766261989879552E-003
   4.7524971393612435E-003
   5.0264185484618995E-003
   5.0723305811428655E-003
   5.1915270938638980E-003
   5.3368788771835885E-003
   5.5131600037210057E-003
   5.6599904283158595E-003
   5.8343190607263017E-003
   5.9193273211710371E-003
   6.1167195270491713E-003
   6.1711483504786604E-003
   6.2927550076867407E-003
   6.3764124481646561E-003
   6.5094260757245000E-003
   6.7709234996339417E-003
   6.9035196982033028E-003
   7.0667273153236466E-003
   7.1428841660944554E-003
   7.2757530887560522E-003
   7.3395096445661098E-003
   7.5651282402925965E-003
   7.7263575977396951E-003
   7.9719129459664990E-003
   8.1132271158278930E-003
   8.2269696649499811E-003
   8.5505546863783501E-003
   8.6452790444614975E-003
   8.7983418195529059E-003
   9.0230902354653374E-003
   9.1478354869095543E-003
   9.2535552567331765E-003
   9.5289959608934830E-003
   9.6287535341086448E-003
   9.6607165669670200E-003
   9.7106156323575176E-003
   9.9319049559136001E-003
   1.0134042112637971E-002
   1.0342908782042403E-002
   1.0422573397703014E-002
   1.0535544790802565E-002
   1.0688621737238358E-002
   1.0839877189755241E-002
   1.0920664829987239E-002
   1.1027324375532211E-002
   1.1180357240380490E-002
   1.1245302133688996E-002
   1.1420283473478907E-002
   1.1494757185050808E-002
   1.1713245474736809E-002
   1.1944329165655413E-002
   1.2098961491429482E-002
   1.2173414113726711E-002
   1.2411196140071561E-002
   1.2451487489994232E-002
   1.2795235769768376E-002
   1.2844370592330576E-002
   1.2924510521203122E-002
   1.3156894165641123E-002
   1.3268952019343326E-002
   1.3458776298109574E-002
   1.3586229749730115E-002
   1.3792335555994573E-002
   1.3903512706471530E-002
   1.4084883699594961E-002
   1.4319785562759219E-002
   1.4455357219477757E-002
   1.4540201547958495E-002
   1.4634933207840402E-002
   1.4790951724058260E-002
   1.4852538249129041E-002
   1.5209143220861568E-002
   1.5391387443696619E-002
   1.5424075907573850E-002
   1.5570919193714458E-002
   1.5646646061431957E-002
   1.5770567268825073E-002
   1.6042132672595407E-002
   1.6195193169144528E-002
   1.6358365130998323E-002
   1.6410310596346286E-002
   1.6775504077270478E-002
   1.6966447962480917E-002
   1.7001350650026271E-002
   1.7180430718127495E-002
   1.7354079348290460E-002
   1.7358753090010167E-002
   1.7447774741985514E-002
   1.7829641039399304E-002
   1.7945511912172658E-002
   1.8015306206593813E-002
   1.8108496388381204E-002
   1.8451899182547575E-002
   1.8621823580747248E-002
   1.8846860192507725E-002
   1.8878546004259488E-002
   1.9000384824297875E-002
   1.9304248438869829E-002
   1.9410810437378394E-002
   1.9601064549556294E-002
   1.9835597566542754E-002
   2.0029108696455356E-002
   2.0118164952661242E-002
   2.0211564527978173E-002
   2.0299536754422583E-002
   2.0543564820809945E-002
   2.0602700629776694E-002
   2.0674563236501582E-002
   2.0800509451305665E-002
   2.0987013541951826E-002
   2.1172879760121277E-002
   2.1243814427133405E-002
   2.1366858876951528E-002
   2.1463563074004665E-002
   2.1591311030815370E-002
   2.1702756054474262E-002
   2.1760783308615875E-002
   2.1815642145252025E-002
   2.2046024068703381E-002
   2.2203621777126530E-002
   2.2500701931507206E-002
   2.2722387283781460E-002
   2.2781257319607347E-002
   2.3058037426613612E-002
   2.3249066769638515E-002
   2.3278932380969369E-002
   2.3324721719564970E-002
   2.3543761659926127E-002
   2.3660315452733553E-002
   2.3697479733114635E-002
   2.3838144696919146E-002
   2.3991690985666829E-002
   2.4128275906344948E-002
   2.4273933629748660E-002
   2.4373875137506613E-002
   2.4536370024427448E-002
   2.4654698755222242E-002
   2.4770848237063693E-002
   2.5045036378170890E-002
   2.5152595960389500E-002
   2.5303654691504151E-002
   2.5485042029869637E-002
   2.5524272888742244E-002
   2.5651057557634926E-002
   2.5770323135361737E-002
   2.5966867524159637E-002
   2.6144562378021100E-002
   2.6169929908978314E-002
   2.6234220921084229E-002
   2.6412149778107134E-002
   2.6599527417262677E-002
   2.6710245320725932E-002
   2.6833446330368931E-002
   2.7000365765890582E-002
   2.7096408065044618E-002
   2.7173956695409549E-002
   2.7330570292021072E-002
   2.7447823286534521E-002
   2.7608341804911101E-002
   2.7676258765940636E-002
   2.7794925643887587E-002
   2.7950027225602567E-002
   2.8207741159453362E-002
   2.8319760163634591E-002
   2.8371940748120154E-002
   2.8559145579983167E-002
   2.8577696922838462E-002
   2.8724684136505842E-002
   2.8924044008297931E-002
   2.9034390412918731E-002
   2.9108103688592804E-002
   2.9307821662730129E-002
   2.9383521361355060E-002
   2.9653782219537912E-002
   2.9705356080938106E-002
   2.9820894325226610E-002
   3.0001283278930282E-002
   3.0043074197673776E-002
   3.0144445310359182E-002
   3.0244539006727016E-002
   3.0324274120137683E-002
   3.0681765270498103E-002
   3.0741334725745726E-002
   3.0933617954522527E-002
   3.1069503810319091E-002
   3.1257953141535171E-002
   3.1274260844244159E-002
   3.1456044703373105E-002
   3.1469793051723760E-002
   3.1638166857130640E-002
   3.1794375085419518E-002
   3.1869417790285001E-002
   3.1893500703225365E-002
   3.1970342737862770E-002
   3.2176965618468542E-002
   3.2248047461955996E-002
   3.2290162749299106E-002
   3.2442342769260252E-002
   3.2551661942179358E-002
   3.2674785522917214E-002
   3.2800843177223447E-002
   3.2898514613427986E-002
   3.2976763859691116E-002
   3.3128719013288559E-002
   3.3254306788543353E-002
   3.3369672145685994E-002
   3.3504834586578068E-002
   3.3650708328300090E-002
   3.3689314857029529E-002
   3.3834322607153029E-002
   3.3940115546134290E-002
   3.4120599013671905E-002
   3.4222946981373618E-002
   3.4349473012526568E-002
   3.4445106529154085E-002
   3.4580388014814507E-002
   3.4816288693213869E-002
   3.4983789828010821E-002
   3.5086318674740304E-002
   3.5123435008973997E-002
   3.5222800025889490E-002
   3.5348419705455977E-002
   3.5405986593534632E-002
   3.5579977729466035E-002
   3.5754897835504520E-002
   3.5875490039632009E-002
   3.6039188227033940E-002
   3.6252570365007890E-002
   3.6317599520695881E-002
   3.6442577965132561E-002
   3.6536780530233452E-002
   3.6559847258418161E-002
   3.6645414309181341E-002
   3.6805700950749906E-002
   3.6878900586016033E-002
   3.6990420676579740E-002
   3.7158400446200085E-002
   3.7172026700700564E-002
   3.7394014512620213E-002
   3.7592473107361864E-002
   3.7640375012717768E-002
   3.7782382892228926E-002
   3.7847209584833091E-002
   3.7898050087470700E-002
   3.8267926720396021E-002
   3.8311027079588951E-002
   3.8513701321942082E-002
   3.8553767988050755E-002
   3.8584285574604513E-002
   3.8782288605886839E-002
   3.8847747426235438E-002
   3.9149848973596642E-002
   3.9205487850338144E-002
   3.9279919659666360E-002
   3.9486401484600926E-002
   3.9540674812483245E-002
   3.9575296111864909E-002
   3.9785914367451325E-002
   3.9816560323501039E-002
   3.9965171981743618E-002
   4.0144605167209878E-002
   4.0173816604148163E-002
   4.0272490906500646E-002
   4.0429758775493450E-002
   4.0577409832974864E-002
   4.0844526370692844E-002
   4.0867894911972132E-002
   4.0909451176276299E-002
   4.1091499649137657E-002
   4.1160087264526538E-002
   4.1325046064490063E-002
   4.1425162889233744E-002
   4.1620678508234199E-002
   4.1727575435840297E-002
   4.1762235111332639E-002
   4.1919474031712374E-002
   4.2091415138767144E-002
   4.2148042702544679E-002
   4.2184807909835281E-002
   4.2299251147334904E-002
   4.2378556954592861E-002
   4.2421336373569776E-002
   4.2764730132472874E-002
   4.2796140626596230E-002
   4.2900684919042538E-002
   4.2976272712757529E-002
   4.3038680983054620E-002
   4.3125680835692695E-002
   4.3303565291298626E-002
   4.3445920116766450E-002
   4.3542580642395134E-002
   4.3601469042298953E-002
   4.3637693436329124E-002
   4.3861673455146806E-002
   4.3892949943161459E-002
   4.4060332282647219E-002
   4.4171257029753969E-002
   4.4207363000889684E-002
   4.4310799960096424E-002
   4.4445108406260751E-002
   4.4594744049623547E-002
   4.4673160032277164E-002
   4.4757830635064458E-002
   4.4945388416739139E-002
   4.5109710532964545E-002
   4.5219874508547322E-002
   4.5356688100744474E-002
   4.5440038143155441E-002
   4.5616846804694314E-002
   4.5729812167222675E-002
   4.5867319689858986E-002
   4.5964471692492868E-002
   4.6090467995153456E-002
   4.6268003928646807E-002
   4.6345452088792670E-002
   4.6423352444948385E-002
   4.6529151958458546E-002
   4.6671533130728499E-002
   4.6789730017644027E-002
   4.6920716122431101E-002
   4.6983697570589907E-002
   4.7093107048285371E-002
   4.7127899297533041E-002
   4.7384004230381443E-002
   4.7434047591461123E-002
   4.7458386151514591E-002
   4.7732791322451701E-002
   4.7735994389689652E-002
   4.7805396568517788E-002
   4.7892514004797278E-002
   4.8143756490112682E-002
   4.8208200282805674E-002
   4.8312875903125801E-002
   4.8362718909354833E-002
   4.8455294697516506E-002
   4.8559511825553216E-002
   4.8589891339115572E-002
   4.8738870753275251E-002
   4.8887128258962936E-002
   4.8911877519255166E-002
   4.9000639228613307E-002
   4.9039682314714325E-002
   4.9162527263749665E-002
   4.9406060508257188E-002
   4.9475828912581288E-002
   4.9628609362300055E-002
   4.9663685255699225E-002
   4.9755437458791879E-002
   4.9991152868150202E-002
   5.0129318042993157E-002
   5.0201907195439696E-002
   5.0402513500179984E-002
   5.0454199044819750E-002
   5.0633461727244436E-002
   5.0709005909742394E-002
   5.0799403613922517E-002
   5.0897816886609076E-002
   5.0968734534714344E-002
   5.1053372041361414E-002
   5.1076288899873812E-002
   5.1310851346211203E-002
   5.1541396196623575E-002
   5.1622298135373314E-002
   5.1778044768587814E-002
   5.1806437841547294E-002
   5.1880765828148531E-002
   5.2027373782643389E-002
   5.2145612688946665E-002
   5.2265898752401507E-002
   5.2297600490952320E-002
   5.2511336220803964E-002
   5.2537713270666885E-002
   5.2553308083056589E-002
   5.2738551941407322E-002
   5.2865294877253166E-002
   5.2933612768769012E-002
   5.2994916999740335E-002
   5.3188061540741252E-002
   5.3275515668567940E-002
   5.3372287061041017E-002
   5.3446892660262313E-002
   5.3597277807955139E-002
   5.3676197430727698E-002
   5.3827252898172695E-002
   5.3930169379975017E-002
   5.4004618297295214E-002
   5.4027191501910210E-002
   5.4164836069768116E-002
   5.4397315781250545E-002
   5.4546492587312589E-002
   5.4614343664049582E-002
   5.4819147050339800E-002
   5.5063542127250752E-002
   5.5159331228568378E-002
   5.5166156630985834E-002
   5.5317033694078081E-002
   5.5481956367221329E-002
   5.5570443828086562E-002
   5.5746662908636439E-002
   5.5966348992703120E-002
   5.6029020054833942E-002
   5.6201169265628952E-002
   5.6293590707186758E-002
   5.6424868047424796E-002
   5.6568537276794305E-002
   5.6690367549548232E-002
   5.6756174268718151E-002
   5.6893904614730748E-002
   5.7017703759495289E-002
   5.7067445456312239E-002
   5.7131644562501693E-002
   5.7325685472059150E-002
   5.7464037700729081E-002
   5.7612668946021968E-002
   5.7801718523721526E-002
   5.7930056183503782E-002
   5.8044347698880387E-002
   5.8182188514768536E-002
   5.8278132016820625E-002
   5.8319485077724616E-002
   5.8521852713154444E-002
   5.8631001198624175E-002
   5.8655603143103342E-002
   5.8701248260464640E-002
   5.8869590161706120E-002
   5.8952256649733747E-002
   5.9199100334020573E-002
   5.9309246347693148E-002
   5.9404028326400488E-002
   5.9573250324699449E-002
   5.9687873256143907E-002
   5.9702017035116524E-002
   5.9932959598081634E-002
   5.9980850395635582E-002
   6.0131181180393033E-002
   6.0316823632153162E-002
   6.0423691000573744E-002
   6.0485887951149786E-002
   6.0680403597155111E-002
   6.0695070482048002E-002
   6.0900477528485493E-002
   6.0959949020678653E-002
   6.1082100471191093E-002
   6.1317244946768955E-002
   6.1404906424575405E-002
   6.1597489674850424E-002
   6.1707219001695499E-002
   6.1788826938889110E-002
   6.1858578501400661E-002
   6.2002844233851870E-002
   6.2150186956956600E-002
   6.2267018881551395E-002
   6.2452659216890270E-002
   6.2472567326775426E-002
   6.2645101796191011E-002
   6.2710276533625001E-002
   6.2928700396709419E-002
   6.3079257584170753E-002
   6.3359544713361998E-002
   6.3415839730659979E-002
   6.3536561585048390E-002
   6.3676039731675793E-002
   6.3759364272928151E-002
   6.3976187306533885E-002
   6.4229611214349155E-002
   6.4363399068816649E-002
   6.4477454543946350E-002
   6.4505301979934315E-002
   6.4694899434768541E-002
   6.4812638077539619E-002
   6.4940893983012615E-002
   6.5109102547563719E-002
   6.5348744240384268E-002
   6.5353373423904321E-002
   6.5614954077852450E-002
   6.5717046843776286E-002
   6.5824775810024355E-002
   6.5914722880211565E-002
   6.6113976804338295E-002
   6.6310483296528264E-002
   6.6530690152095173E-002
   6.6702480828568139E-002
   6.6825152382057551E-002
   6.6996059335440797E-002
   6.7202776767017178E-002
   6.7256901309426173E-002
   6.7303790116398740E-002
   6.7397707682536376E-002
   6.7736729359613335E-002
   6.7833394606353181E-002
   6.7935752028560642E-002
   6.8051158059717523E-002
   6.8099673767477442E-002
   6.8408542680513995E-002
   6.8481064634644997E-002
   6.8617814270250668E-002
   6.8876439574620182E-002
   6.9043237270965202E-002
   6.9113459653172796E-002
   6.9324566898291959E-002
   6.9513566967621593E-002
   6.9590244241867188E-002
   6.9772279627783401E-002
   6.9841711881343249E-002
   6.9946845135428481E-002
   7.0175062541681668E-002
   7.0251751415628894E-002
   7.0382500599989697E-002
   7.0538920419315074E-002
   7.0749788468946972E-002
   7.0900569076850939E-002
   7.1013091549914101E-002
   7.1156532049024210E-002
   7.1279247277530738E-002
   7.1532011557352990E-002
   7.1572278076047893E-002
   7.1716392973930621E-002
   7.1834346080687408E-002
   7.1968520868540276E-002
   7.2126724505667650E-002
   7.2285439484727973E-002
   7.2471217680929442E-002
   7.2587892491989839E-002
   7.2685499364191150E-002
   7.2792738892271627E-002
   7.2932455715775169E-002
   7.3126876740027547E-002
   7.3354964153756877E-002
   7.3422908239232171E-002
   7.3511220065207022E-002
   7.3724399654377423E-002
   7.3809353387956300E-002
   7.3902054293515831E-002
   7.4163051050837314E-002
   7.4350618191350373E-002
   7.4454464449742991E-002
   7.4593163526142259E-002
   7.4625893812621469E-002
   7.4874308580249835E-002
   7.5085112699588549E-002
   7.5257443949001052E-002
   7.5378359657528884E-002
   7.5621131869246488E-002
   7.5744553084371932E-002
   7.5992193295097404E-002
   7.6004822659276244E-002
   7.6221269274348732E-002
   7.6444055375948700E-002
   7.6711664811576971E-002
   7.6750776578145385E-002
   7.6938816939059920E-002
   7.7069279475933797E-002
   7.7496972405231498E-002
   7.7650281613330027E-002
   7.7734645824997367E-002
   7.8048337391337347E-002
   7.8095516620297262E-002
   7.8394636910090951E-002
   7.8464876197302302E-002
   7.8769782028604213E-002
   7.8856566649132459E-002
   7.8979907915757139E-002
   7.9219018289422030E-002
   7.9309894440434445E-002
   7.9563628553261698E-002
   7.9673712999151533E-002
   7.9742844450341147E-002
   7.9963949325804654E-002
   8.0121339066983349E-002
   8.0227494805361468E-002
   8.0467790455257718E-002
   8.0627209172940015E-002
   8.0699444895678818E-002
   8.0937304408871744E-002
   8.1174130647405557E-002
   8.1241671765507367E-002
   8.1460676378478578E-002
   8.1554138441238017E-002
   8.1631361389912740E-002
   8.1738455140114422E-002
   8.1953413364341157E-002
   8.2182867844984700E-002
   8.2342954559296064E-002
   8.2577332013697033E-002
   8.2807043103918607E-002
   8.2961026701172599E-002
   8.3163902435528445E-002
   8.3282256668287410E-002
   8.3529484270132931E-002
   8.3771693750734177E-002
   8.3803034941250312E-002
   8.4156909727566689E-002
   8.4277220928110130E-002
   8.4444124307982316E-002
   8.4706154629425809E-002
   8.4882167514143986E-002
   8.4996540008617977E-002
   8.5064927865589321E-002
   8.5392571392088640E-002
   8.5499561356893794E-002
   8.5666070326394991E-002
   8.5787156407965040E-002
   8.5918422133610839E-002
   8.6097195341922950E-002
   8.6349313684381465E-002
   8.6656926549031371E-002
   8.6929346169704963E-002
   8.7156273058873857E-002
   8.7242774166804357E-002
   8.7359379022058925E-002
   8.7550732665706052E-002
   8.7644259842230871E-002
   8.7923742829837406E-002
   8.8233012953937692E-002
   8.8404347557667171E-002
   8.8463263003965203E-002
   8.8686188654968384E-002
   8.8806004248715403E-002
   8.9036288393565310E-002
   8.9120189131106184E-002
   8.9275899131277689E-002
   8.9485312544951345E-002
   8.9558649942285851E-002
   8.9623216736807912E-002
   8.9814381082797420E-002
   8.9928761488104400E-002
   9.0099999221105884E-002
   9.0432507018460770E-002
   9.0579188613873124E-002
   9.0775064907658798E-002
   9.0877372670898099E-002
   9.1027592119623219E-002
   9.1594247829217004E-002
   9.1728105088144538E-002
   9.1823727623376872E-002
   9.1997434925275151E-002
   9.2128981985866609E-002
   9.2402310471950008E-002
   9.2730557912928266E-002
   9.2838244430393749E-002
   9.2942834039045963E-002
   9.3127449866840781E-002
   9.3329813461948186E-002
   9.3619944028778407E-002
   9.3838762737797232E-002
   9.3878881689943308E-002
   9.4075962942065966E-002
   9.4461555521190788E-002
   9.4531487658130020E-002
   9.4849964209639384E-002
   9.5011545108019138E-002
   9.5065063201615910E-002
   9.5112125662056221E-002
   9.5440594151195116E-002
   9.5634005035944464E-002
   9.5862606085262939E-002
   9.6201357438808532E-002
   9.6317578165063533E-002
   9.6505621213338375E-002
   9.6749633762908543E-002
   9.6760025085680185E-002
   9.6898488036220670E-002
   9.7161103352310790E-002
   9.7380885284392621E-002
   9.7505475893768775E-002
   9.7834719879412849E-002
   9.8080985398739953E-002
   9.8347649622359742E-002
   9.8467105509011152E-002
   9.8697833257032658E-002
   9.8945192686946445E-002
   9.9289913329546176E-002
   9.9522060491973235E-002
   9.9654507348888449E-002
   9.9911692266621041E-002
   9.9985585356973175E-002
  0.10008783883751096     
  0.10040393437497067     
  0.10053661924385388     
  0.10061363090543607     
  0.10099326034084767     
  0.10111583110906605     
  0.10116161150579521     
  0.10127639007808344     
  0.10158808531353690     
  0.10181015747547349     
  0.10234421642600426     
  0.10245325711839283     
  0.10281463279729651     
  0.10319206006955539     
  0.10335588352890065     
  0.10377116634797977     
  0.10395214017375258     
  0.10419132944721088     
  0.10453696541102128     
  0.10479555489230533     
  0.10498756505667010     
  0.10515186845564424     
  0.10573649704728044     
  0.10585063968840841     
  0.10594278363701430     
  0.10632503561230626     
  0.10642531882816232     
  0.10687196285614985     
  0.10697509916457992     
  0.10705870742771680     
  0.10721833765572751     
  0.10752632230525534     
  0.10805732107222477     
  0.10822798276154311     
  0.10844381835570632     
  0.10875019468613545     
  0.10891573798783467     
  0.10921943336265388     
  0.10963899089372076     
  0.10976385073750329     
  0.10988185396642720     
  0.11032598047080384     
  0.11055671368929457     
  0.11070708767463290     
  0.11130392945328929     
  0.11142182366009890     
  0.11168270026285715     
  0.11183787564061554     
  0.11226106642981672     
  0.11259143589867401     
  0.11263327838267362     
  0.11288349165121442     
  0.11350235633189959     
  0.11367116128780995     
  0.11405075090371633     
  0.11433744917090215     
  0.11457442456389245     
  0.11496947269191908     
  0.11543546768078737     
  0.11574345572409032     
  0.11624798681201975     
  0.11658252051255912     
  0.11693949175779887     
  0.11738370278358602     
  0.11750196096385872     
  0.11756372590170389     
  0.11789003152949623     
  0.11827732838366672     
  0.11861472190298647     
  0.11895996288817991     
  0.11975799105244983     
  0.11989779791185971     
  0.12019873901839946     
  0.12073391226856221     
  0.12100501916402223     
  0.12146622280423264     
  0.12201732418170194     
  0.12233618163283019     
  0.12269528917796632     
  0.12328730428218360     
  0.12382604977945508     
  0.12422000944589376     
  0.12461865024382739     
  0.12557444063926129     
  0.12592172854371320     
  0.12637489526182000     
  0.12734093665612178     
  0.12750769223761116     
  0.12830074649516496     
  0.12838588229110928     
  0.12862007361303288     
  0.12898322645781499     
  0.12961016571557810     
  0.12996970234832525     
  0.13058538625865276     
  0.13100665223053520     
  0.13121731967577824     
  0.13220364683900337     
  0.13227500188084004     
  0.13312869478500594     
  0.13357670165121610     
  0.13528831140010231     
  0.13591917057886366     
  0.13645018875983372     
  0.13760357006561907     
  0.13859507308440605     
  0.13894881201377182     
  0.14005206310880508     
  0.14057882310947548     
  0.14190962186866271     
  0.14306592654856029     
  0.14415234312604222     
  0.14500993567393350     
  0.14576728280390466     
  0.14727513048032873     
  0.14840198407511970     
  0.14969170786639668     
  0.15026854131758774     
  0.15143243760616448     
  0.15288193973773087     
  0.15371742230360461     
  0.15499567637061890     
  0.15598527527667871     
  0.15928623261365363     
  0.15984422998181505     
  0.16156250898613092     
  0.16558487845457978     
