   1.4429111092823743E-002
   1.8338407037695847E-002
   2.1883536650721031E-002
   3.3548345266084523E-002
   3.5491946894458781E-002
   3.8038433333513026E-002
   4.0290851374356902E-002
   4.0551159546886241E-002
   4.2091420229961998E-002
   4.3947640391272358E-002
   4.4127944955513650E-002
   4.5604281289444978E-002
   4.7084260916390230E-002
   4.7889826901305235E-002
   4.8593693114998580E-002
   5.0333633352598710E-002
   5.0791227586231280E-002
   5.1538755483135849E-002
   5.2739475435040130E-002
   5.3326045149956619E-002
   5.3992189931995151E-002
   5.5481972010880676E-002
   5.6153205640433364E-002
   5.7848520079114861E-002
   5.9035932478262755E-002
   5.9906463935607598E-002
   6.0285807284328578E-002
   6.2008714118134321E-002
   6.2407006027715102E-002
   6.4593304799562920E-002
   6.5813812399196606E-002
   6.7089104045268771E-002
   6.7819328185997729E-002
   6.8351038560361566E-002
   6.9819811165603513E-002
   7.0599985680358468E-002
   7.1296383217382395E-002
   7.3131629374566826E-002
   7.3751102956098269E-002
   7.4102798790082497E-002
   7.5508717287203764E-002
   7.6655666613071091E-002
   7.7182495865539255E-002
   7.8028403587792269E-002
   7.8781430882172571E-002
   7.9599541736720264E-002
   8.0691912828699086E-002
   8.1027623427697218E-002
   8.1529258357026346E-002
   8.1924738431526617E-002
   8.3508817959918796E-002
   8.5337967385332655E-002
   8.5635425036832746E-002
   8.5790630350332839E-002
   8.6587314033339358E-002
   8.8039092879805880E-002
   8.8501716314588738E-002
   8.9229088131701009E-002
   9.0211853874382991E-002
   9.1268141821484558E-002
   9.1669420749057207E-002
   9.2852343982977342E-002
   9.3767966198061714E-002
   9.4248890490345877E-002
   9.6425851328831608E-002
   9.6528502750680006E-002
   9.7856024695294544E-002
   9.8254770073763417E-002
   9.8944979817649742E-002
   9.9798238298548780E-002
  0.10054249063290181     
  0.10084414420780777     
  0.10151962992137828     
  0.10312417062454053     
  0.10361581161889748     
  0.10384156253862860     
  0.10470695028389415     
  0.10526150219590054     
  0.10556270881118909     
  0.10593190451240192     
  0.10623725935795926     
  0.10649834833633312     
  0.10728758643775477     
  0.10901041231156204     
  0.10957323212460432     
  0.10992539064894846     
  0.11060899301520813     
  0.11074284326614880     
  0.11119382958497193     
  0.11231275977664169     
  0.11304700945613971     
  0.11346579256639910     
  0.11390133912289413     
  0.11415143321179361     
  0.11491515321790846     
  0.11525948697642871     
  0.11638868426036252     
  0.11645917820031133     
  0.11756349902462376     
  0.11813248946207479     
  0.11824582670872379     
  0.11853355163159518     
  0.11882655182379076     
  0.11963080443250622     
  0.12015679340223387     
  0.12039426680864394     
  0.12118504639624413     
  0.12163594253620350     
  0.12181522357706911     
  0.12248041016478661     
  0.12331943571419574     
  0.12356541088028529     
  0.12446244032917937     
  0.12466350366327088     
  0.12499789036527717     
  0.12580220359763733     
  0.12607587360817829     
  0.12653840539556413     
  0.12763917335558636     
  0.12778649146597390     
  0.12802492311337443     
  0.12861334329419657     
  0.12874037583244144     
  0.12915579697208493     
  0.12960421246334816     
  0.13037443035175186     
  0.13097551288116493     
  0.13173745704433448     
  0.13244876453233731     
  0.13264524088572563     
  0.13298821306201852     
  0.13344475518914065     
  0.13393429075533639     
  0.13449215129037967     
  0.13493479447693485     
  0.13553691878611823     
  0.13635572478239044     
  0.13656999178079496     
  0.13673092400262798     
  0.13687968016340463     
  0.13734628861651763     
  0.13754666647777691     
  0.13799196261201102     
  0.13854042066610833     
  0.13896917031017852     
  0.13933387911498701     
  0.13975343094595122     
  0.14011025007777619     
  0.14056642870778918     
  0.14086022040764148     
  0.14105509712205186     
  0.14130116782360264     
  0.14150317382230249     
  0.14177891891683631     
  0.14200898105836121     
  0.14227284179962252     
  0.14268161539356639     
  0.14341879128022539     
  0.14350847741433836     
  0.14394807259501299     
  0.14449725803759048     
  0.14486098508726544     
  0.14521578713420222     
  0.14551806417994953     
  0.14557851543649217     
  0.14617488017534516     
  0.14637737099241044     
  0.14694810338524766     
  0.14722842173401099     
  0.14767047003051581     
  0.14805654966047496     
  0.14824086425946018     
  0.14848803554436268     
  0.14881981672160191     
  0.14910591915418098     
  0.14928424750498118     
  0.14952887072381360     
  0.14984744390991736     
  0.14998125907374099     
  0.15004564850341082     
  0.15049651760795474     
  0.15068195051892902     
  0.15116084413180286     
  0.15123776559399615     
  0.15147904916793853     
  0.15208611288831275     
  0.15225786079410625     
  0.15229954966346212     
  0.15256517113610063     
  0.15278487899310247     
  0.15339427963112301     
  0.15378787109137099     
  0.15396782086023153     
  0.15417757105876903     
  0.15462595251570802     
  0.15481381756069346     
  0.15521324945716364     
  0.15579168110213332     
  0.15595567899769611     
  0.15606985906467072     
  0.15649596056630086     
  0.15686503584379954     
  0.15716199550623819     
  0.15790169575429752     
  0.15809708530202971     
  0.15838981465874102     
  0.15869129659582218     
  0.15910486447782790     
  0.15943339291988554     
  0.15959355419451079     
  0.15990985155219711     
  0.16002157605248188     
  0.16012076438471901     
  0.16027889546570953     
  0.16085374844264411     
  0.16115706323525017     
  0.16171432738401420     
  0.16197683008279670     
  0.16210336333207753     
  0.16244751223748791     
  0.16263120943538056     
  0.16280892264406588     
  0.16313343416448683     
  0.16339440053687115     
  0.16350625088679349     
  0.16360196016694356     
  0.16401947553551519     
  0.16419191343865955     
  0.16446613151576464     
  0.16505221191360769     
  0.16507651093886305     
  0.16543530523273842     
  0.16573767868068895     
  0.16612130390767205     
  0.16615940335232920     
  0.16628832764161425     
  0.16701506871620456     
  0.16719197017412016     
  0.16760672186527209     
  0.16785375790448376     
  0.16811369621419398     
  0.16820420511817810     
  0.16847871947038837     
  0.16879213150394995     
  0.16898884340763010     
  0.16915969916228135     
  0.16937020876132880     
  0.16949927298878978     
  0.16974500428850076     
  0.17006520314457327     
  0.17038291188991686     
  0.17057254674161731     
  0.17073738919596537     
  0.17097333460370540     
  0.17111624582889953     
  0.17129324095454601     
  0.17170865853446898     
  0.17211032198992127     
  0.17213076190095364     
  0.17228952379635451     
  0.17270176012091387     
  0.17287017627466242     
  0.17299026853488494     
  0.17330710185738724     
  0.17363161168395302     
  0.17379230504694487     
  0.17410819783092288     
  0.17427267875672992     
  0.17452711957961867     
  0.17467760755274914     
  0.17495152488595797     
  0.17500488981785065     
  0.17538510138914776     
  0.17550029706924863     
  0.17563817552733163     
  0.17579993945137928     
  0.17609143861528095     
  0.17617395744646963     
  0.17651017736990812     
  0.17670557966331690     
  0.17702804604170638     
  0.17745379473140407     
  0.17781571587389347     
  0.17794549012159341     
  0.17827324405780298     
  0.17843974752730379     
  0.17868075758357999     
  0.17910569931845491     
  0.17929890128407044     
  0.17946711548316513     
  0.17988115351203782     
  0.18003833469951599     
  0.18023281333957891     
  0.18048803019587970     
  0.18092925880333421     
  0.18137136420898975     
  0.18171896370268964     
  0.18174863618201137     
  0.18219902940699026     
  0.18245255098659174     
  0.18278635533043538     
  0.18386431442132928     
  0.18419893351314198     
  0.18438553670312141     
  0.18458198031892550     
  0.18501460569049757     
  0.18542348603833958     
  0.18545680190454128     
  0.18601066832560306     
  0.18620128392417534     
  0.18659138413779161     
  0.18692491546732493     
  0.18731855932265898     
  0.18746667501465852     
  0.18774097885611038     
  0.18800888757664175     
  0.18883338021011437     
  0.18908253530951760     
  0.18945398055001825     
  0.18961469004710954     
  0.18973033056339478     
  0.19005205307991371     
  0.19014636101274271     
  0.19039275348418744     
  0.19070868900307755     
  0.19101902203650198     
  0.19184539827260888     
  0.19245651074606870     
  0.19249566477267968     
  0.19284246348311856     
  0.19335869423704372     
  0.19349757399000211     
  0.19370207994146990     
  0.19381722826778497     
  0.19442952444309178     
  0.19451209183846280     
  0.19469282664348031     
  0.19499269767945496     
  0.19572384554748803     
  0.19584651182410220     
  0.19601267619476809     
  0.19628634674103579     
  0.19656769318082265     
  0.19701275677581739     
  0.19735435326470599     
  0.19762607586318393     
  0.19773193138403158     
  0.19879082733027295     
  0.19906964749164796     
  0.19922283827317563     
  0.19949836018922640     
  0.19956286547676014     
  0.19958887713647916     
  0.19993412856900900     
  0.20073834212716263     
  0.20110888583208217     
  0.20140366999173961     
  0.20200639062953465     
  0.20211576775422901     
  0.20264763682685125     
  0.20315472345496596     
  0.20359096674616742     
  0.20380055538302819     
  0.20400340272318060     
  0.20485055713768321     
  0.20495270220625172     
  0.20555897559511169     
  0.20599362058138357     
  0.20631843980569731     
  0.20641835243365383     
  0.20722621098174068     
  0.20760264026028649     
  0.20792639499050825     
  0.20870860686856163     
  0.20943467315987371     
  0.20991862757487764     
  0.21035641035913547     
  0.21077092298747252     
  0.21112742772984103     
  0.21150345229626599     
  0.21183175673270246     
  0.21225033229001081     
  0.21334058554992433     
  0.21339013892630260     
  0.21357809424802043     
  0.21393392130337910     
  0.21446537729644652     
  0.21488980788831261     
  0.21559354471514963     
  0.21615137383050345     
  0.21642918437383107     
  0.21673078882558566     
  0.21712682927343990     
  0.21739885990570923     
  0.21764791533374636     
  0.21843185617057517     
  0.21902489996579688     
  0.21971230618308935     
  0.22022178748826990     
  0.22063280307536084     
  0.22090831654988846     
  0.22128968426766826     
  0.22160377915851551     
  0.22247313422327183     
  0.22284018644763257     
  0.22329119984516976     
  0.22341815050455907     
  0.22358259797139693     
  0.22433279669337167     
  0.22444755129972216     
  0.22485838610696660     
  0.22544209693558159     
  0.22579696392972487     
  0.22659706421715950     
  0.22696793504407209     
  0.22743251267738249     
  0.22782547771185441     
  0.22847970785090285     
  0.22859674704091540     
  0.22903810473435712     
  0.22959615872842684     
  0.23007459158879592     
  0.23052961882475376     
  0.23084597544561097     
  0.23110073096221809     
  0.23225470920957220     
  0.23331960209101957     
  0.23362723388187501     
  0.23515337040587175     
  0.23544934559764263     
  0.23621538620232393     
  0.23663129485843709     
  0.23708102222729216     
  0.23751768593837044     
  0.23800892995573264     
  0.23852559005427520     
  0.23885211900057551     
  0.23963002106216374     
  0.24031436737468051     
  0.24100884124338234     
  0.24167934890368756     
  0.24241591206348742     
  0.24296005276241717     
  0.24390615702120952     
  0.24470519363549240     
  0.24518792497682312     
  0.24601135530371782     
  0.24635500417516495     
  0.24742416245239440     
  0.24771027464677370     
  0.24795510989770267     
  0.24939810736470899     
  0.25018579716061173     
  0.25078751022559514     
  0.25153782879196995     
  0.25207926702137073     
  0.25262833415656799     
  0.25307411915640199     
  0.25392032748686122     
  0.25543264042041364     
  0.25615676087138700     
  0.25714334722900806     
  0.25779340242291682     
  0.25950693856302209     
  0.26029053594822149     
  0.26217772718452942     
  0.26313142407480100     
  0.26361514807324732     
  0.26505105185905536     
  0.26556316285672638     
  0.26651682275755839     
  0.26675584572818523     
  0.26697664953073313     
  0.26811913009036958     
  0.26985336029706053     
  0.27031828081921683     
  0.27216471210733179     
  0.27229209240801311     
  0.27377471638599155     
  0.27449681734562781     
  0.27547692045962685     
  0.27609052175678783     
  0.27773547754905720     
  0.27891687714420926     
  0.27939584257086686     
  0.28082570646293348     
  0.28230410179609328     
  0.28343491748152483     
  0.28375539925673060     
  0.28669035338963339     
  0.28714856839594677     
  0.28768042038577657     
  0.28907297886862626     
  0.29072136486645767     
  0.29129489348746779     
  0.29164950662309919     
  0.29291681534643910     
  0.29419443875852691     
  0.29514999638275258     
  0.29569109699379914     
  0.29694838378626998     
  0.29749852964385959     
  0.29817369067929989     
  0.29884473200681166     
  0.30037430381523161     
  0.30122286171385110     
  0.30171269191528011     
  0.30262226918132162     
  0.30403395185837190     
  0.30508177333961545     
  0.30699894155482271     
  0.30794452273518852     
  0.31012236396080678     
  0.31119058874727201     
  0.31265725048639487     
  0.31336520489269831     
  0.31508251817663668     
  0.31670078268839863     
  0.31762461379261542     
  0.32011698026602964     
  0.32028658403639843     
  0.32239161753358608     
  0.32406952292648528     
  0.32844089399201881     
  0.33234097408741753     
  0.33337290476779347     
  0.33688870188562459     
  0.33859317457242988     
  0.33980284317967019     
  0.34183196969445745     
  0.34242276840850339     
  0.34667833867635517     
  0.34984380898617945     
  0.35215245749106838     
  0.35732023428704573     
  0.36157993962162982     
  0.36443761120403834     
  0.36668191571304160     
  0.37427358166419478     
  0.38430795996848954     
  0.38983760513825561     
  0.39263119473434394     
  0.39750433801810736     
  0.40677971293520149     
  0.41028214091032683     
  0.45882435408116301     
