 beta=  0.334385170658479     
 -3.554880042645480E-016
 -2.266320224745822E-016
 -1.798672851624189E-016
 -1.633407280859627E-016
 -1.417524185098783E-016
  5.097723975583263E-018
  3.600783813191891E-004
  5.503796774232894E-004
  6.294496180972883E-004
  8.856730187050040E-004
  1.133476947279052E-003
  1.354272381585493E-003
  1.623146561902864E-003
  1.948972646452946E-003
  2.004124241200519E-003
  2.090455615395436E-003
  2.209978572127974E-003
  2.354004221265785E-003
  2.625668965559347E-003
  2.824080928358962E-003
  3.032685572920641E-003
  3.074867356107786E-003
  3.277743574275382E-003
  3.489586721702141E-003
  3.674590380489418E-003
  3.918364317749709E-003
  4.035543601857928E-003
  4.402780818281646E-003
  4.676626198988069E-003
  4.752497139361313E-003
  5.026418548461555E-003
  5.072330581142357E-003
  5.191527093864199E-003
  5.336878877183589E-003
  5.513160003721060E-003
  5.659990428315693E-003
  5.834319060726369E-003
  5.919327321171280E-003
  6.116719527049197E-003
  6.171148350478742E-003
  6.292755007686647E-003
  6.376412448164511E-003
  6.509426075724486E-003
  6.770923499633623E-003
  6.903519698203586E-003
  7.066727315323988E-003
  7.142884166094502E-003
  7.275753088756324E-003
  7.339509644566249E-003
  7.565128240292806E-003
  7.726357597739709E-003
  7.971912945966724E-003
  8.113227115828193E-003
  8.226969664950118E-003
  8.550554686378465E-003
  8.645279044461229E-003
  8.798341819552795E-003
  9.023090235464970E-003
  9.147835486909721E-003
  9.253555256732996E-003
  9.528995960893710E-003
  9.628753534108744E-003
  9.660716566966833E-003
  9.710615632357479E-003
  9.931904955913628E-003
  1.013404211263819E-002
  1.034290878204249E-002
  1.042257339770282E-002
  1.053554479080251E-002
  1.068862173723844E-002
  1.083987718975529E-002
  1.092066482998705E-002
  1.102732437553205E-002
  1.118035724038050E-002
  1.124530213368881E-002
  1.142028347347915E-002
  1.149475718505088E-002
  1.171324547473682E-002
  1.194432916565581E-002
  1.209896149143022E-002
  1.217341411372679E-002
  1.241119614007174E-002
  1.245148748999426E-002
  1.279523576976847E-002
  1.284437059233074E-002
  1.292451052120326E-002
  1.315689416564135E-002
  1.326895201934352E-002
  1.345877629810936E-002
  1.358622974973021E-002
  1.379233555599447E-002
  1.390351270647152E-002
  1.408488369959485E-002
  1.431978556275949E-002
  1.445535721947785E-002
  1.454020154795846E-002
  1.463493320784043E-002
  1.479095172405824E-002
  1.485253824912915E-002
  1.520914322086196E-002
  1.539138744369677E-002
  1.542407590757389E-002
  1.557091919371461E-002
  1.564664606143198E-002
  1.577056726882498E-002
  1.604213267259539E-002
  1.619519316914450E-002
  1.635836513099872E-002
  1.641031059634629E-002
  1.677550407727058E-002
  1.696644796248102E-002
  1.700135065002647E-002
  1.718043071812753E-002
  1.735407934829042E-002
  1.735875309001025E-002
  1.744777474198575E-002
  1.782964103939929E-002
  1.794551191217249E-002
  1.801530620659388E-002
  1.810849638838131E-002
  1.845189918254767E-002
  1.862182358074738E-002
  1.884686019250765E-002
  1.887854600425929E-002
  1.900038482429819E-002
  1.930424843886983E-002
  1.941081043737845E-002
  1.960106454955639E-002
  1.983559756654264E-002
  2.002910869645529E-002
  2.011816495266118E-002
  2.021156452797812E-002
  2.029953675442264E-002
  2.054356482081000E-002
  2.060270062977661E-002
  2.067456323650144E-002
  2.080050945130556E-002
  2.098701354195176E-002
  2.117287976012134E-002
  2.124381442713346E-002
  2.136685887695131E-002
  2.146356307400459E-002
  2.159131103081531E-002
  2.170275605447446E-002
  2.176078330861593E-002
  2.181564214525204E-002
  2.204602406870333E-002
  2.220362177712663E-002
  2.250070193150689E-002
  2.272238728378154E-002
  2.278125731960758E-002
  2.305803742661359E-002
  2.324906676963855E-002
  2.327893238096934E-002
  2.332472171956489E-002
  2.354376165992614E-002
  2.366031545273351E-002
  2.369747973311453E-002
  2.383814469691903E-002
  2.399169098566678E-002
  2.412827590634512E-002
  2.427393362974882E-002
  2.437387513750667E-002
  2.453637002442759E-002
  2.465469875522240E-002
  2.477084823706378E-002
  2.504503637817092E-002
  2.515259596038946E-002
  2.530365469150421E-002
  2.548504202986957E-002
  2.552427288874215E-002
  2.565105755763502E-002
  2.577032313536188E-002
  2.596686752415987E-002
  2.614456237802098E-002
  2.616992990897818E-002
  2.623422092108428E-002
  2.641214977810727E-002
  2.659952741726275E-002
  2.671024532072596E-002
  2.683344633036871E-002
  2.700036576589053E-002
  2.709640806504448E-002
  2.717395669540939E-002
  2.733057029202094E-002
  2.744782328653445E-002
  2.760834180491115E-002
  2.767625876594062E-002
  2.779492564388761E-002
  2.795002722560256E-002
  2.820774115945337E-002
  2.831976016363458E-002
  2.837194074812015E-002
  2.855914557998317E-002
  2.857769692283850E-002
  2.872468413650573E-002
  2.892404400829788E-002
  2.903439041291878E-002
  2.910810368859274E-002
  2.930782166273010E-002
  2.938352136135506E-002
  2.965378221953789E-002
  2.970535608093810E-002
  2.982089432522661E-002
  3.000128327893037E-002
  3.004307419767380E-002
  3.014444531035928E-002
  3.024453900672708E-002
  3.032427412013784E-002
  3.068176527049823E-002
  3.074133472574573E-002
  3.093361795452253E-002
  3.106950381031922E-002
  3.125795314153525E-002
  3.127426084424423E-002
  3.145604470337317E-002
  3.146979305172393E-002
  3.163816685713065E-002
  3.179437508541956E-002
  3.186941779028506E-002
  3.189350070322552E-002
  3.197034273786289E-002
  3.217696561846866E-002
  3.224804746195611E-002
  3.229016274929921E-002
  3.244234276926038E-002
  3.255166194217942E-002
  3.267478552291733E-002
  3.280084317722359E-002
  3.289851461342812E-002
  3.297676385969127E-002
  3.312871901328873E-002
  3.325430678854352E-002
  3.336967214568615E-002
  3.350483458657827E-002
  3.365070832830026E-002
  3.368931485702974E-002
  3.383432260715321E-002
  3.394011554613441E-002
  3.412059901367195E-002
  3.422294698137369E-002
  3.434947301252658E-002
  3.444510652915419E-002
  3.458038801481466E-002
  3.481628869321388E-002
  3.498378982801092E-002
  3.508631867474041E-002
  3.512343500897411E-002
  3.522280002588966E-002
  3.534841970545602E-002
  3.540598659353468E-002
  3.557997772946610E-002
  3.575489783550459E-002
  3.587549003963206E-002
  3.603918822703401E-002
  3.625257036500793E-002
  3.631759952069588E-002
  3.644257796513255E-002
  3.653678053023348E-002
  3.655984725841812E-002
  3.664541430918138E-002
  3.680570095074993E-002
  3.687890058601608E-002
  3.699042067657977E-002
  3.715840044620011E-002
  3.717202670070061E-002
  3.739401451262027E-002
  3.759247310736188E-002
  3.764037501271780E-002
  3.778238289222904E-002
  3.784720958483313E-002
  3.789805008747078E-002
  3.826792672039607E-002
  3.831102707958907E-002
  3.851370132194211E-002
  3.855376798805082E-002
  3.858428557460464E-002
  3.878228860588690E-002
  3.884774742623551E-002
  3.914984897359668E-002
  3.920548785033821E-002
  3.927991965966639E-002
  3.948640148460095E-002
  3.954067481248326E-002
  3.957529611186490E-002
  3.978591436745137E-002
  3.981656032350110E-002
  3.996517198174368E-002
  4.014460516720991E-002
  4.017381660414820E-002
  4.027249090650065E-002
  4.042975877549347E-002
  4.057740983297491E-002
  4.084452637069291E-002
  4.086789491197215E-002
  4.090945117627636E-002
  4.109149964913777E-002
  4.116008726452661E-002
  4.132504606449012E-002
  4.142516288923381E-002
  4.162067850823425E-002
  4.172757543584034E-002
  4.176223511133269E-002
  4.191947403171243E-002
  4.209141513876721E-002
  4.214804270254476E-002
  4.218480790983534E-002
  4.229925114733495E-002
  4.237855695459293E-002
  4.242133637356980E-002
  4.276473013247294E-002
  4.279614062659629E-002
  4.290068491904262E-002
  4.297627271275758E-002
  4.303868098305466E-002
  4.312568083569274E-002
  4.330356529129870E-002
  4.344592011676653E-002
  4.354258064239519E-002
  4.360146904229903E-002
  4.363769343632917E-002
  4.386167345514688E-002
  4.389294994316153E-002
  4.406033228264731E-002
  4.417125702975403E-002
  4.420736300088975E-002
  4.431079996009648E-002
  4.444510840626081E-002
  4.459474404962362E-002
  4.467316003227723E-002
  4.475783063506452E-002
  4.494538841673919E-002
  4.510971053296464E-002
  4.521987450854738E-002
  4.535668810074452E-002
  4.544003814315548E-002
  4.561684680469437E-002
  4.572981216722270E-002
  4.586731968985900E-002
  4.596447169249289E-002
  4.609046799515349E-002
  4.626800392864681E-002
  4.634545208879271E-002
  4.642335244494838E-002
  4.652915195845856E-002
  4.667153313072851E-002
  4.678973001764405E-002
  4.692071612243113E-002
  4.698369757058994E-002
  4.709310704828539E-002
  4.712789929753304E-002
  4.738400423038148E-002
  4.743404759146116E-002
  4.745838615151460E-002
  4.773279132245172E-002
  4.773599438968966E-002
  4.780539656851782E-002
  4.789251400479733E-002
  4.814375649011270E-002
  4.820820028280568E-002
  4.831287590312577E-002
  4.836271890935485E-002
  4.845529469751653E-002
  4.855951182555324E-002
  4.858989133911560E-002
  4.873887075327527E-002
  4.888712825896294E-002
  4.891187751925519E-002
  4.900063922861334E-002
  4.903968231471433E-002
  4.916252726374971E-002
  4.940606050825721E-002
  4.947582891258134E-002
  4.962860936230009E-002
  4.966368525569927E-002
  4.975543745879192E-002
  4.999115286815024E-002
  5.012931804299321E-002
  5.020190719543972E-002
  5.040251350018003E-002
  5.045419904481979E-002
  5.063346172724448E-002
  5.070900590974240E-002
  5.079940361392252E-002
  5.089781688660908E-002
  5.096873453471439E-002
  5.105337204136142E-002
  5.107628889987382E-002
  5.131085134621124E-002
  5.154139619662358E-002
  5.162229813537334E-002
  5.177804476858784E-002
  5.180643784154730E-002
  5.188076582814857E-002
  5.202737378264341E-002
  5.214561268894673E-002
  5.226589875240153E-002
  5.229760049095238E-002
  5.251133622080402E-002
  5.253771327066691E-002
  5.255330808305662E-002
  5.273855194140738E-002
  5.286529487725324E-002
  5.293361276876912E-002
  5.299491699974039E-002
  5.318806154074129E-002
  5.327551566856798E-002
  5.337228706104106E-002
  5.344689266026237E-002
  5.359727780795518E-002
  5.367619743072773E-002
  5.382725289817277E-002
  5.393016937997508E-002
  5.400461829729532E-002
  5.402719150191029E-002
  5.416483606976821E-002
  5.439731578125061E-002
  5.454649258731262E-002
  5.461434366404961E-002
  5.481914705033984E-002
  5.506354212725077E-002
  5.515933122856843E-002
  5.516615663098587E-002
  5.531703369407814E-002
  5.548195636722136E-002
  5.557044382808662E-002
  5.574666290863650E-002
  5.596634899270317E-002
  5.602902005483400E-002
  5.620116926562899E-002
  5.629359070718676E-002
  5.642486804742482E-002
  5.656853727679432E-002
  5.669036754954829E-002
  5.675617426871819E-002
  5.689390461473079E-002
  5.701770375949531E-002
  5.706744545631227E-002
  5.713164456250171E-002
  5.732568547205918E-002
  5.746403770072908E-002
  5.761266894602196E-002
  5.780171852372153E-002
  5.793005618350375E-002
  5.804434769888044E-002
  5.818218851476856E-002
  5.827813201682064E-002
  5.831948507772464E-002
  5.852185271315446E-002
  5.863100119862421E-002
  5.865560314310334E-002
  5.870124826046468E-002
  5.886959016170615E-002
  5.895225664973376E-002
  5.919910033402061E-002
  5.930924634769313E-002
  5.940402832640048E-002
  5.957325032469944E-002
  5.968787325614393E-002
  5.970201703511657E-002
  5.993295959808165E-002
  5.998085039563559E-002
  6.013118118039310E-002
  6.031682363215319E-002
  6.042369100057386E-002
  6.048588795114981E-002
  6.068040359715515E-002
  6.069507048204804E-002
  6.090047752848549E-002
  6.095994902067867E-002
  6.108210047119117E-002
  6.131724494676905E-002
  6.140490642457544E-002
  6.159748967485047E-002
  6.170721900169557E-002
  6.178882693888919E-002
  6.185857850140073E-002
  6.200284423385193E-002
  6.215018695695662E-002
  6.226701888155143E-002
  6.245265921689032E-002
  6.247256732677551E-002
  6.264510179619111E-002
  6.271027653362511E-002
  6.292870039670952E-002
  6.307925758417085E-002
  6.335954471336205E-002
  6.341583973066006E-002
  6.353656158504847E-002
  6.367603973167583E-002
  6.375936427292828E-002
  6.397618730653395E-002
  6.422961121434925E-002
  6.436339906881686E-002
  6.447745454394647E-002
  6.450530197993441E-002
  6.469489943476865E-002
  6.481263807753970E-002
  6.494089398301264E-002
  6.510910254756372E-002
  6.534874424038430E-002
  6.535337342390431E-002
  6.561495407785246E-002
  6.571704684377631E-002
  6.582477581002445E-002
  6.591472288021175E-002
  6.611397680433832E-002
  6.631048329652832E-002
  6.653069015209519E-002
  6.670248082856824E-002
  6.682515238205766E-002
  6.699605933544095E-002
  6.720277676701715E-002
  6.725690130942628E-002
  6.730379011639880E-002
  6.739770768253635E-002
  6.773672935961338E-002
  6.783339460635326E-002
  6.793575202856064E-002
  6.805115805971762E-002
  6.809967376747753E-002
  6.840854268051415E-002
  6.848106463464507E-002
  6.861781427025074E-002
  6.887643957462017E-002
  6.904323727096519E-002
  6.911345965317285E-002
  6.932456689829188E-002
  6.951356696762157E-002
  6.959024424186720E-002
  6.977227962778346E-002
  6.984171188134330E-002
  6.994684513542845E-002
  7.017506254168171E-002
  7.025175141562885E-002
  7.038250059998971E-002
  7.053892041931513E-002
  7.074978846894701E-002
  7.090056907685099E-002
  7.101309154991420E-002
  7.115653204902417E-002
  7.127924727753081E-002
  7.153201155735299E-002
  7.157227807604787E-002
  7.171639297393066E-002
  7.183434608068746E-002
  7.196852086854034E-002
  7.212672450566764E-002
  7.228543948472797E-002
  7.247121768092939E-002
  7.258789249198963E-002
  7.268549936419129E-002
  7.279273889227161E-002
  7.293245571577511E-002
  7.312687674002757E-002
  7.335496415375690E-002
  7.342290823923225E-002
  7.351122006520705E-002
  7.372439965437769E-002
  7.380935338795655E-002
  7.390205429351600E-002
  7.416305105083751E-002
  7.435061819135025E-002
  7.445446444974320E-002
  7.459316352614234E-002
  7.462589381262145E-002
  7.487430858024985E-002
  7.508511269958856E-002
  7.525744394900076E-002
  7.537835965752888E-002
  7.562113186924652E-002
  7.574455308437193E-002
  7.599219329509746E-002
  7.600482265927611E-002
  7.622126927434865E-002
  7.644405537594867E-002
  7.671166481157692E-002
  7.675077657814521E-002
  7.693881693905986E-002
  7.706927947593371E-002
  7.749697240523136E-002
  7.765028161332994E-002
  7.773464582499735E-002
  7.804833739133746E-002
  7.809551662029739E-002
  7.839463691009114E-002
  7.846487619730255E-002
  7.876978202860418E-002
  7.885656664913246E-002
  7.897990791575706E-002
  7.921901828942200E-002
  7.930989444043440E-002
  7.956362855326163E-002
  7.967371299915164E-002
  7.974284445034117E-002
  7.996394932580468E-002
  8.012133906698338E-002
  8.022749480536155E-002
  8.046779045525772E-002
  8.062720917293993E-002
  8.069944489567882E-002
  8.093730440887159E-002
  8.117413064740553E-002
  8.124167176550728E-002
  8.146067637847849E-002
  8.155413844123802E-002
  8.163136138991264E-002
  8.173845514011460E-002
  8.195341336434130E-002
  8.218286784498480E-002
  8.234295455929588E-002
  8.257733201369723E-002
  8.280704310391857E-002
  8.296102670117243E-002
  8.316390243552842E-002
  8.328225666828769E-002
  8.352948427013333E-002
  8.377169375073429E-002
  8.380303494125059E-002
  8.415690972756666E-002
  8.427722092811013E-002
  8.444412430798248E-002
  8.470615462942570E-002
  8.488216751414411E-002
  8.499654000861823E-002
  8.506492786558910E-002
  8.539257139208863E-002
  8.549956135689364E-002
  8.566607032639491E-002
  8.578715640796511E-002
  8.591842213361063E-002
  8.609719534192289E-002
  8.634931368438145E-002
  8.665692654903094E-002
  8.692934616970455E-002
  8.715627305887357E-002
  8.724277416680411E-002
  8.735937902205861E-002
  8.755073266570622E-002
  8.764425984223093E-002
  8.792374282983749E-002
  8.823301295393772E-002
  8.840434755766714E-002
  8.846326300396520E-002
  8.868618865496847E-002
  8.880600424871558E-002
  8.903628839356544E-002
  8.912018913110603E-002
  8.927589913127777E-002
  8.948531254495155E-002
  8.955864994228585E-002
  8.962321673680794E-002
  8.981438108279727E-002
  8.992876148810437E-002
  9.009999922110613E-002
  9.043250701846092E-002
  9.057918861387303E-002
  9.077506490765895E-002
  9.087737267089809E-002
  9.102759211962355E-002
  9.159424782921695E-002
  9.172810508814463E-002
  9.182372762337680E-002
  9.199743492527547E-002
  9.212898198586680E-002
  9.240231047194988E-002
  9.273055791292818E-002
  9.283824443039411E-002
  9.294283403904618E-002
  9.312744986684093E-002
  9.332981346194845E-002
  9.361994402877848E-002
  9.383876273779732E-002
  9.387888168994350E-002
  9.407596294206601E-002
  9.446155552119104E-002
  9.453148765813014E-002
  9.484996420963937E-002
  9.501154510801922E-002
  9.506506320161624E-002
  9.511212566205590E-002
  9.544059415119512E-002
  9.563400503594414E-002
  9.586260608526262E-002
  9.620135743880827E-002
  9.631757816506367E-002
  9.650562121333812E-002
  9.674963376290857E-002
  9.676002508568002E-002
  9.689848803622057E-002
  9.716110335231119E-002
  9.738088528439252E-002
  9.750547589376798E-002
  9.783471987941288E-002
  9.808098539873970E-002
  9.834764962236003E-002
  9.846710550901096E-002
  9.869783325703282E-002
  9.894519268694621E-002
  9.928991332954654E-002
  9.952206049197325E-002
  9.965450734888881E-002
  9.991169226662133E-002
  9.998558535697330E-002
  0.100087838837511     
  0.100403934374971     
  0.100536619243854     
  0.100613630905436     
  0.100993260340848     
  0.101115831109066     
  0.101161611505795     
  0.101276390078084     
  0.101588085313537     
  0.101810157475473     
  0.102344216426004     
  0.102453257118393     
  0.102814632797296     
  0.103192060069555     
  0.103355883528901     
  0.103771166347979     
  0.103952140173752     
  0.104191329447211     
  0.104536965411021     
  0.104795554892305     
  0.104987565056670     
  0.105151868455644     
  0.105736497047281     
  0.105850639688408     
  0.105942783637014     
  0.106325035612306     
  0.106425318828162     
  0.106871962856150     
  0.106975099164580     
  0.107058707427717     
  0.107218337655727     
  0.107526322305255     
  0.108057321072225     
  0.108227982761543     
  0.108443818355706     
  0.108750194686136     
  0.108915737987834     
  0.109219433362653     
  0.109638990893721     
  0.109763850737503     
  0.109881853966427     
  0.110325980470803     
  0.110556713689294     
  0.110707087674633     
  0.111303929453289     
  0.111421823660099     
  0.111682700262857     
  0.111837875640615     
  0.112261066429817     
  0.112591435898674     
  0.112633278382674     
  0.112883491651215     
  0.113502356331900     
  0.113671161287810     
  0.114050750903716     
  0.114337449170902     
  0.114574424563893     
  0.114969472691919     
  0.115435467680787     
  0.115743455724090     
  0.116247986812020     
  0.116582520512559     
  0.116939491757799     
  0.117383702783586     
  0.117501960963859     
  0.117563725901704     
  0.117890031529496     
  0.118277328383667     
  0.118614721902986     
  0.118959962888180     
  0.119757991052450     
  0.119897797911860     
  0.120198739018399     
  0.120733912268562     
  0.121005019164022     
  0.121466222804232     
  0.122017324181702     
  0.122336181632830     
  0.122695289177966     
  0.123287304282183     
  0.123826049779455     
  0.124220009445893     
  0.124618650243827     
  0.125574440639261     
  0.125921728543713     
  0.126374895261820     
  0.127340936656122     
  0.127507692237611     
  0.128300746495165     
  0.128385882291109     
  0.128620073613033     
  0.128983226457815     
  0.129610165715579     
  0.129969702348325     
  0.130585386258653     
  0.131006652230535     
  0.131217319675778     
  0.132203646839003     
  0.132275001880840     
  0.133128694785006     
  0.133576701651216     
  0.135288311400102     
  0.135919170578863     
  0.136450188759834     
  0.137603570065619     
  0.138595073084406     
  0.138948812013772     
  0.140052063108805     
  0.140578823109476     
  0.141909621868663     
  0.143065926548561     
  0.144152343126042     
  0.145009935673934     
  0.145767282803905     
  0.147275130480329     
  0.148401984075120     
  0.149691707866397     
  0.150268541317588     
  0.151432437606165     
  0.152881939737731     
  0.153717422303605     
  0.154995676370619     
  0.155985275276679     
  0.159286232613654     
  0.159844229981815     
  0.161562508986131     
  0.165584878454580     
