  1    0.047005
  2    0.034383
  3    0.028052
  4    0.021642
  5    0.009762
  6    0.011546
  7    0.012507
  8    0.008211
  9    0.019197
 10    0.011906
 11    0.009770
 12    0.007980
 13    0.007324
 14    0.006221
 15    0.007585
 16    0.008105
 17    0.005947
 18    0.004435
 19    0.006149
 20    0.005975
 21    0.005081
 22    0.005598
 23    0.007272
 24    0.006045
 25    0.003697
 26    0.004860
 27    0.003566
 28    0.004159
 29    0.004348
 30    0.002247
 31    0.002974
 32    0.002802
 33    0.002606
 34    0.003747
 35    0.002178
 36    0.004126
 37    0.004694
 38    0.003174
 39    0.002827
 40    0.004028
 41    0.003579
 42    0.002644
 43    0.003805
 44    0.003078
 45    0.003677
 46    0.004569
 47    0.002849
 48    0.003233
 49    0.002290
 50    0.002448
 51    0.002806
 52    0.002200
 53    0.002646
 54    0.002099
 55    0.001763
 56    0.001896
 57    0.001593
 58    0.001202
 59    0.002657
 60    0.002804
 61    0.001219
 62    0.001963
 63    0.001639
 64    0.001725
 65    0.001410
 66    0.002153
 67    0.002460
 68    0.001421
 69    0.001665
 70    0.001490
 71    0.002295
 72    0.001855
 73    0.002703
 74    0.001996
 75    0.001641
 76    0.001917
 77    0.002125
 78    0.002007
 79    0.001640
 80    0.001989
 81    0.001678
 82    0.001255
 83    0.002030
 84    0.002064
 85    0.001418
 86    0.001464
 87    0.001418
 88    0.001512
 89    0.001461
 90    0.001641
 91    0.002302
 92    0.000937
 93    0.001938
 94    0.001263
 95    0.001773
 96    0.001474
 97    0.002353
 98    0.001855
 99    0.001597
100    0.001711
101    0.001980
102    0.001223
103    0.002647
104    0.002169
105    0.001913
106    0.001236
107    0.001930
108    0.001146
109    0.000989
110    0.002778
111    0.001943
112    0.002232
113    0.001267
114    0.001315
115    0.001801
116    0.000882
117    0.001112
118    0.002025
119    0.001704
120    0.001037
121    0.001864
122    0.001385
123    0.001276
124    0.001168
125    0.001063
126    0.001752
127    0.001241
128    0.001539
129    0.001166
130    0.000852
131    0.001449
132    0.001083
133    0.001250
134    0.000983
135    0.001000
136    0.001196
137    0.001318
138    0.001583
139    0.001757
140    0.001342
141    0.001977
142    0.001413
143    0.001541
144    0.000917
145    0.001802
146    0.000959
147    0.001496
148    0.000891
149    0.001814
150    0.001301
151    0.001921
152    0.000951
153    0.001009
154    0.001115
155    0.001105
156    0.001625
157    0.002074
158    0.000790
159    0.001960
160    0.001302
161    0.001160
162    0.001563
163    0.001306
164    0.001177
165    0.000891
166    0.001144
167    0.001137
168    0.001035
169    0.001035
170    0.000641
171    0.000894
172    0.001976
173    0.000919
174    0.001309
175    0.000896
176    0.000998
177    0.000832
178    0.000816
179    0.001268
180    0.000924
181    0.001290
182    0.000931
183    0.001388
184    0.001207
185    0.001014
186    0.001311
187    0.000781
188    0.001054
189    0.000671
190    0.001032
191    0.001479
192    0.001006
193    0.001206
194    0.001221
195    0.001513
196    0.000867
197    0.000905
198    0.001045
199    0.001211
200    0.000964
201    0.000917
202    0.001184
203    0.000591
204    0.001464
205    0.001417
206    0.000623
207    0.000984
208    0.000806
209    0.000809
210    0.001106
211    0.000865
212    0.001131
213    0.001214
214    0.001071
215    0.000770
216    0.001131
217    0.000809
218    0.001086
219    0.000941
220    0.000853
221    0.000912
222    0.001060
223    0.001184
224    0.001015
225    0.001092
226    0.000883
227    0.000692
228    0.000927
229    0.001308
230    0.001157
231    0.000826
232    0.000817
233    0.001027
234    0.000890
235    0.000950
236    0.000634
237    0.000658
238    0.000494
239    0.000841
240    0.000625
241    0.000723
242    0.000845
243    0.001001
244    0.000880
245    0.000645
246    0.000925
247    0.000717
248    0.001140
249    0.000792
250    0.001566
251    0.000711
252    0.000982
253    0.001079
254    0.000895
255    0.000898
256    0.001013
257    0.000768
258    0.000838
259    0.000875
260    0.000962
261    0.000987
262    0.001096
263    0.001110
264    0.000949
265    0.000746
266    0.000548
267    0.000608
268    0.001122
269    0.000673
270    0.001289
271    0.000867
272    0.000613
273    0.001560
274    0.000713
275    0.000618
276    0.000881
277    0.000652
278    0.000665
279    0.001032
280    0.001158
281    0.000653
282    0.000676
283    0.001205
284    0.000935
285    0.000988
286    0.001167
287    0.000600
288    0.000805
289    0.000628
290    0.000796
291    0.001430
292    0.000515
293    0.000761
294    0.000966
295    0.000647
296    0.000664
297    0.000541
298    0.000831
299    0.000915
300    0.001078
301    0.001528
302    0.000806
303    0.000776
304    0.001059
305    0.000817
306    0.001034
307    0.000653
308    0.000581
309    0.000664
310    0.001417
311    0.000510
312    0.000606
313    0.000963
314    0.000726
315    0.000861
316    0.000630
317    0.000716
318    0.000585
319    0.000827
320    0.000679
321    0.000466
322    0.000806
323    0.000988
324    0.000709
325    0.000887
326    0.000610
327    0.000882
328    0.001129
329    0.000796
330    0.000709
331    0.000690
332    0.000937
333    0.000690
334    0.000497
335    0.000810
336    0.000860
337    0.000759
338    0.000772
339    0.000568
340    0.000763
341    0.000869
342    0.001045
343    0.000400
344    0.000718
345    0.000700
346    0.000824
347    0.001046
348    0.000387
349    0.000572
350    0.000955
351    0.000877
352    0.000647
353    0.000844
354    0.000703
355    0.000854
356    0.000478
357    0.000575
358    0.000796
359    0.000511
360    0.000447
361    0.000633
362    0.001188
363    0.001012
364    0.000565
365    0.000548
366    0.000395
367    0.000545
368    0.000413
369    0.000582
370    0.000522
371    0.000721
372    0.000668
373    0.000883
374    0.000574
375    0.000654
376    0.000598
377    0.000765
378    0.000951
379    0.000678
380    0.000602
381    0.000503
382    0.000660
383    0.000542
384    0.000917
385    0.000449
386    0.000452
387    0.000695
388    0.000639
389    0.000676
390    0.000505
391    0.000763
392    0.000597
393    0.000612
394    0.000507
395    0.000428
396    0.000472
397    0.000474
398    0.000551
399    0.000519
400    0.000737
401    0.000411
402    0.000744
403    0.000718
404    0.000737
405    0.000624
406    0.000675
407    0.001016
408    0.000593
409    0.000600
410    0.000739
411    0.000404
412    0.000608
413    0.000864
414    0.000695
415    0.000292
416    0.000931
417    0.001013
418    0.000578
419    0.000382
420    0.001285
421    0.000587
422    0.000618
423    0.000590
424    0.000543
425    0.000844
426    0.000950
427    0.000774
428    0.000451
429    0.000749
430    0.000558
431    0.000907
432    0.000505
433    0.000905
434    0.000636
435    0.000452
436    0.000575
437    0.000519
438    0.000509
439    0.000606
440    0.000737
441    0.000712
442    0.000338
443    0.000482
444    0.000448
445    0.000490
446    0.000618
447    0.000493
448    0.000567
449    0.000844
450    0.000585
451    0.000579
452    0.000518
453    0.000501
454    0.000561
455    0.000573
456    0.000539
457    0.000565
458    0.000388
459    0.000424
460    0.000824
461    0.000466
462    0.000536
463    0.000572
464    0.000746
465    0.000541
466    0.000643
467    0.000510
468    0.000616
469    0.000344
470    0.000656
471    0.000531
472    0.000570
473    0.000586
474    0.000400
475    0.000802
476    0.000660
477    0.000574
478    0.000932
479    0.000454
480    0.000914
481    0.000611
482    0.000918
483    0.000695
484    0.000552
485    0.000661
486    0.000666
487    0.000503
488    0.000537
489    0.000361
490    0.000699
491    0.000558
492    0.000707
493    0.000652
494    0.000620
495    0.000596
496    0.000560
497    0.000588
498    0.000380
499    0.000482
500    0.000483
501    0.000849
502    0.000704
503    0.000756
504    0.000473
505    0.000511
506    0.000703
507    0.000652
508    0.000536
509    0.000850
510    0.000585
511    0.000701
512    0.000790
513    0.000556
514    0.000532
515    0.000616
516    0.000480
517    0.000421
518    0.000418
519    0.000408
520    0.000524
521    0.000534
522    0.000484
523    0.000465
524    0.000707
525    0.000559
526    0.000593
527    0.000583
528    0.000633
529    0.000675
530    0.000668
531    0.000605
532    0.000596
533    0.000639
534    0.000672
535    0.000363
536    0.000454
537    0.000309
538    0.000500
539    0.000482
540    0.000772
541    0.000524
542    0.000609
543    0.000524
544    0.000490
545    0.000587
546    0.000473
547    0.000670
548    0.000513
549    0.000783
550    0.000325
551    0.000483
552    0.000454
553    0.000325
554    0.000543
555    0.000499
556    0.000618
557    0.000478
558    0.000450
559    0.000420
560    0.000553
561    0.000391
562    0.000625
563    0.000633
564    0.000582
565    0.000445
566    0.000722
567    0.000604
568    0.000305
569    0.000458
570    0.000516
571    0.000535
572    0.000716
573    0.000526
574    0.000509
575    0.000614
576    0.000516
577    0.000296
578    0.000676
579    0.000823
580    0.000534
581    0.000897
582    0.000397
583    0.000579
584    0.000475
585    0.000411
586    0.000513
587    0.000588
588    0.000535
589    0.000396
590    0.000496
591    0.000459
592    0.000801
593    0.000598
594    0.000618
595    0.000509
596    0.000683
597    0.000513
598    0.000533
599    0.000557
600    0.000660
601    0.000535
602    0.000356
603    0.000310
604    0.000434
605    0.000454
606    0.000640
607    0.000273
608    0.000627
609    0.000584
610    0.000576
611    0.000690
612    0.000496
613    0.000332
614    0.000480
615    0.000448
616    0.000482
617    0.000529
618    0.000582
619    0.000731
620    0.000634
621    0.000888
622    0.000645
623    0.000544
624    0.000536
625    0.000536
626    0.000648
627    0.000530
628    0.000753
629    0.000654
630    0.000640
631    0.000804
632    0.000497
633    0.000393
634    0.000806
635    0.000356
636    0.000438
637    0.000573
638    0.000624
639    0.000589
640    0.000500
641    0.000634
642    0.000381
643    0.000404
644    0.000516
645    0.000911
646    0.000668
647    0.000394
648    0.000616
649    0.000671
650    0.000433
651    0.000618
652    0.000566
653    0.000648
654    0.000411
655    0.000557
656    0.000324
657    0.000378
658    0.000613
659    0.000648
660    0.000556
661    0.000470
662    0.000560
663    0.000460
664    0.000547
665    0.000375
666    0.000464
667    0.000586
668    0.000564
669    0.000618
670    0.000562
671    0.000528
672    0.000556
673    0.000476
674    0.000363
675    0.000510
676    0.000471
677    0.000366
678    0.000644
679    0.000446
680    0.000390
681    0.000433
682    0.000553
683    0.000631
684    0.000525
685    0.000646
686    0.000526
687    0.000406
688    0.000606
689    0.000325
690    0.000325
691    0.000494
692    0.000491
693    0.000422
694    0.000568
695    0.000558
696    0.000576
697    0.000784
698    0.000649
699    0.000652
700    0.000588
701    0.000421
702    0.000590
703    0.000584
704    0.000637
705    0.000429
706    0.000488
707    0.000632
708    0.000516
709    0.000428
710    0.000492
711    0.000416
712    0.000586
713    0.000861
714    0.000578
715    0.000515
716    0.000494
717    0.000389
718    0.000519
719    0.000534
720    0.000385
721    0.000696
722    0.000716
723    0.000603
724    0.000572
725    0.000514
726    0.000403
727    0.000506
728    0.000373
729    0.000624
730    0.000451
731    0.000391
732    0.000285
733    0.000608
734    0.000414
735    0.000490
736    0.000412
737    0.000436
738    0.000555
739    0.000328
740    0.000433
741    0.000502
742    0.000469
743    0.000380
744    0.000547
745    0.000459
746    0.000578
747    0.000428
748    0.000577
749    0.000260
750    0.000397
751    0.000647
752    0.000614
753    0.000577
754    0.000407
755    0.000756
756    0.000697
757    0.000318
758    0.000350
759    0.000319
760    0.000503
761    0.000446
762    0.000295
763    0.000473
764    0.000415
765    0.000534
766    0.000334
767    0.000265
768    0.000454
769    0.000305
770    0.000416
771    0.000356
772    0.000653
773    0.000263
774    0.000385
775    0.000751
776    0.000396
777    0.000577
778    0.000609
779    0.000298
780    0.000351
781    0.000652
782    0.000463
783    0.000601
784    0.000659
785    0.000457
786    0.000442
787    0.000464
788    0.000357
789    0.000539
790    0.000310
791    0.000474
792    0.000367
793    0.000405
794    0.000321
795    0.000324
796    0.000221
797    0.000286
798    0.000301
799    0.000269
800    0.000232
801    0.000315
802    0.000488
803    0.000572
804    0.000398
805    0.000231
806    0.000233
807    0.000779
808    0.000550
809    0.000511
810    0.000267
811    0.000399
812    0.000523
813    0.000353
814    0.000413
815    0.000484
816    0.000354
817    0.000537
818    0.000379
819    0.000083
820    0.000458
821    0.000302
822    0.000295
823    0.000188
824    0.000226
825    0.000754
