 beta=   5.8416898379747860E-002
  -2.3435013959570492E-016
  -1.8239300062344254E-016
  -1.4317376360889813E-016
   1.3841485444414132E-017
   1.9773893307842292E-017
   8.1865858090448169E-017
   1.6728440017534953E-004
   2.4295686102443874E-004
   2.8263790961970998E-004
   3.3935371634990472E-004
   5.9126793726818540E-004
   6.2161759672551664E-004
   7.2988927188933240E-004
   7.5430507628372460E-004
   8.1854320982607950E-004
   8.4919529865561593E-004
   9.1274995632260045E-004
   9.7122369309931113E-004
   1.1095859320467327E-003
   1.2541169327069893E-003
   1.3193630131295823E-003
   1.3630078210390148E-003
   1.4822868107805625E-003
   1.5013057884882431E-003
   1.6096220306605058E-003
   1.6625078499357161E-003
   1.7060924482663190E-003
   1.9037474785547604E-003
   1.9716611068842592E-003
   2.0383867533139608E-003
   2.1689854028177288E-003
   2.2257613773670336E-003
   2.2584982450759117E-003
   2.3503414783858177E-003
   2.4313456062240628E-003
   2.5614444352836741E-003
   2.5854231316689543E-003
   2.7562712939523904E-003
   2.8117962772255321E-003
   2.8898962856593775E-003
   3.0546338369074311E-003
   3.1147684167477175E-003
   3.1665130265303380E-003
   3.2425484933951442E-003
   3.3117928009790314E-003
   3.3629261576436976E-003
   3.4821027406493244E-003
   3.5554633195943584E-003
   3.6050364376180727E-003
   3.6134321777207658E-003
   3.7730624799725263E-003
   3.8383399435009970E-003
   4.0125321880877616E-003
   4.1102545146011671E-003
   4.1427090827572417E-003
   4.2051478430989424E-003
   4.4123282687851028E-003
   4.4909413629907633E-003
   4.5494000780201237E-003
   4.6211898987187621E-003
   4.7224943712934611E-003
   4.8530346947846248E-003
   4.9254258094160305E-003
   4.9666085927457604E-003
   5.1690867524598529E-003
   5.2606852514918579E-003
   5.3413958292163740E-003
   5.4161462595335918E-003
   5.4649979370255336E-003
   5.5861673499098125E-003
   5.7192808223038329E-003
   5.8753900569084557E-003
   5.9032082694300443E-003
   5.9675244689096664E-003
   5.9881187272135556E-003
   6.0889661733484158E-003
   6.1707636711916484E-003
   6.2308389170121423E-003
   6.3668817340745091E-003
   6.5179840068739590E-003
   6.5925142067836291E-003
   6.6035289744809994E-003
   6.7545252591841428E-003
   6.8138404673896355E-003
   6.8997141679379304E-003
   7.0819504688023277E-003
   7.1044585922782873E-003
   7.3264730680665559E-003
   7.4014725923134137E-003
   7.4383274899329768E-003
   7.4861572975851304E-003
   7.5668976772903414E-003
   7.6743154877403240E-003
   7.8148727981811467E-003
   7.8986209090263580E-003
   7.9520040898081804E-003
   8.1126094359595911E-003
   8.1800643974815970E-003
   8.3050338028620423E-003
   8.4205205395903818E-003
   8.5264344904036719E-003
   8.5913683996149751E-003
   8.6315199262246393E-003
   8.7439467377225556E-003
   8.8055997550155248E-003
   8.8681912625965097E-003
   8.9581022314854097E-003
   9.0715856938870833E-003
   9.2038882981403947E-003
   9.2926805355345310E-003
   9.3459396663042177E-003
   9.5337150559770181E-003
   9.6205522370988138E-003
   9.7857398783815150E-003
   1.0003870265858313E-002
   1.0031266859913681E-002
   1.0186286970486715E-002
   1.0206035488056722E-002
   1.0255718389458664E-002
   1.0440304275487460E-002
   1.0533564855242190E-002
   1.0642074238456310E-002
   1.0698603095618030E-002
   1.0788357120650486E-002
   1.0937561273702878E-002
   1.0968900674474643E-002
   1.1031227886355792E-002
   1.1051898678410931E-002
   1.1275530686573505E-002
   1.1329266914846252E-002
   1.1392531056041998E-002
   1.1454730665777292E-002
   1.1686436276989648E-002
   1.1825783350752843E-002
   1.1908667642508603E-002
   1.1988709074225397E-002
   1.2075944724029238E-002
   1.2173034628900471E-002
   1.2327186145703169E-002
   1.2472863048114824E-002
   1.2629125603402827E-002
   1.2747560100274022E-002
   1.2841825346619790E-002
   1.2932516612654432E-002
   1.3101765693102566E-002
   1.3281114372060934E-002
   1.3356658102790233E-002
   1.3400056377347279E-002
   1.3486705120658150E-002
   1.3605666506767471E-002
   1.3768915539433149E-002
   1.3812501005646998E-002
   1.3954679614449773E-002
   1.4090370723377942E-002
   1.4194305986260428E-002
   1.4271919982228926E-002
   1.4454867396885018E-002
   1.4545962494385761E-002
   1.4611642402317347E-002
   1.4670118592368574E-002
   1.4803979867153092E-002
   1.5038400796881972E-002
   1.5081226371102313E-002
   1.5205472965111910E-002
   1.5223638289515255E-002
   1.5375067514638411E-002
   1.5458637006986853E-002
   1.5479169403686602E-002
   1.5654694509604865E-002
   1.5694098815045535E-002
   1.5789458433399142E-002
   1.5822360466913921E-002
   1.5973097614850853E-002
   1.6010509058063942E-002
   1.6154989784634963E-002
   1.6171251936159734E-002
   1.6246570216973989E-002
   1.6380484161993294E-002
   1.6581395172287152E-002
   1.6660978822870886E-002
   1.6804441772673945E-002
   1.6870498626120754E-002
   1.6975405295414435E-002
   1.7096263825988878E-002
   1.7174299972222799E-002
   1.7253995207032784E-002
   1.7322668719271506E-002
   1.7408951471027476E-002
   1.7414811744776808E-002
   1.7523143018394076E-002
   1.7741179253295929E-002
   1.7945153381987482E-002
   1.8021870439389312E-002
   1.8097520365803466E-002
   1.8179601767216329E-002
   1.8241388105681999E-002
   1.8390399334340939E-002
   1.8489504125332751E-002
   1.8576226414116489E-002
   1.8598797594038048E-002
   1.8735375127134610E-002
   1.8799999902830055E-002
   1.8915441664673658E-002
   1.9085859436124578E-002
   1.9202105233749777E-002
   1.9261325145066451E-002
   1.9323217312075872E-002
   1.9355882236917182E-002
   1.9576872063051247E-002
   1.9619646381844845E-002
   1.9701768915614988E-002
   1.9782362110163397E-002
   1.9861268020290389E-002
   1.9909820263609657E-002
   1.9996946338088493E-002
   2.0148474150629841E-002
   2.0220392409262967E-002
   2.0375231635678445E-002
   2.0410047310597933E-002
   2.0489720001346905E-002
   2.0561788082872054E-002
   2.0613905212458931E-002
   2.0748950185694063E-002
   2.0831958662544444E-002
   2.0946964799541546E-002
   2.1089584150584463E-002
   2.1106270576505493E-002
   2.1189324229241812E-002
   2.1232768379705745E-002
   2.1373175549903121E-002
   2.1481597165341957E-002
   2.1594181640693377E-002
   2.1681749376122363E-002
   2.1851787628701450E-002
   2.1907590916723872E-002
   2.2059886289081263E-002
   2.2200983640366677E-002
   2.2311076231618081E-002
   2.2393937726175817E-002
   2.2575385590387301E-002
   2.2666706571387762E-002
   2.2738939236508108E-002
   2.2882567767315592E-002
   2.2898695755514429E-002
   2.3113365728503626E-002
   2.3211559066662269E-002
   2.3236490608340397E-002
   2.3419407154555590E-002
   2.3496241113893476E-002
   2.3600673302066374E-002
   2.3626607155655951E-002
   2.3775392218157797E-002
   2.3882653590149287E-002
   2.3974304744798936E-002
   2.4060916459913012E-002
   2.4259398922362469E-002
   2.4328196709159415E-002
   2.4337171792317636E-002
   2.4469082654855499E-002
   2.4499386004979591E-002
   2.4621208054109459E-002
   2.4689647169950226E-002
   2.4767121456555411E-002
   2.4859338670896989E-002
   2.4990525678413228E-002
   2.5090766793419261E-002
   2.5145178390729155E-002
   2.5189512776568293E-002
   2.5394910147927580E-002
   2.5427252569235920E-002
   2.5563723008834381E-002
   2.5617686145287304E-002
   2.5665256200748651E-002
   2.5809234727132351E-002
   2.5841238261854936E-002
   2.5917851925462913E-002
   2.5991768723298277E-002
   2.6059736765918790E-002
   2.6175533095174185E-002
   2.6219596384623133E-002
   2.6361436030503626E-002
   2.6449894694472596E-002
   2.6593359616719079E-002
   2.6651497126134859E-002
   2.6740361247393755E-002
   2.6823889984647718E-002
   2.6966762217414363E-002
   2.7018816185871215E-002
   2.7057667137518879E-002
   2.7147655302658398E-002
   2.7379219058114242E-002
   2.7466703888785974E-002
   2.7554387419239067E-002
   2.7619426327644910E-002
   2.7764230695181549E-002
   2.7868544848519670E-002
   2.7959112496086728E-002
   2.8019871837969241E-002
   2.8158798869857279E-002
   2.8196685242630706E-002
   2.8367532550122372E-002
   2.8415329462495333E-002
   2.8470371004700623E-002
   2.8563289853395152E-002
   2.8728242812386316E-002
   2.8874077963904180E-002
   2.8926202649697672E-002
   2.8979914641604522E-002
   2.9043287989261764E-002
   2.9104450614716577E-002
   2.9246294125052960E-002
   2.9346398903063300E-002
   2.9395355058190964E-002
   2.9676671134594858E-002
   2.9838552073286794E-002
   2.9902867468705182E-002
   2.9997190025816661E-002
   3.0049206909311326E-002
   3.0164593615153883E-002
   3.0172609909980344E-002
   3.0367413976542242E-002
   3.0477270819226663E-002
   3.0564278657422773E-002
   3.0601078883229289E-002
   3.0724842546475721E-002
   3.0770222476576198E-002
   3.0871435987365834E-002
   3.0954004134517703E-002
   3.0995971202463671E-002
   3.1113233043990399E-002
   3.1221339100322244E-002
   3.1452008157388675E-002
   3.1482787586812132E-002
   3.1568510214078353E-002
   3.1631030457867221E-002
   3.1748703105680995E-002
   3.1835172404259142E-002
   3.1898696605456467E-002
   3.1999575877727740E-002
   3.2039076408153400E-002
   3.2164970189580665E-002
   3.2239120450209352E-002
   3.2314111004139737E-002
   3.2385514474287329E-002
   3.2498093293138762E-002
   3.2535313051678443E-002
   3.2548770416614629E-002
   3.2648398639097694E-002
   3.2785172774918027E-002
   3.2840974532488236E-002
   3.2879764632431703E-002
   3.3027772453585499E-002
   3.3041231202971665E-002
   3.3114843419180383E-002
   3.3227397966502231E-002
   3.3357677151904401E-002
   3.3440011363877448E-002
   3.3562764989194714E-002
   3.3671201843690102E-002
   3.3731931971718636E-002
   3.3882187417594946E-002
   3.3935880894642695E-002
   3.4038094240587388E-002
   3.4116701576150675E-002
   3.4279415401735326E-002
   3.4382907097252287E-002
   3.4429695030117523E-002
   3.4457141564008628E-002
   3.4511571583915664E-002
   3.4602804528492945E-002
   3.4775143810575067E-002
   3.4843501000780909E-002
   3.4943072315526964E-002
   3.5013198453296014E-002
   3.5093421279929461E-002
   3.5210370253524449E-002
   3.5225739258116215E-002
   3.5308553245812682E-002
   3.5448967493472761E-002
   3.5526133092501085E-002
   3.5663123530588398E-002
   3.5744243543990278E-002
   3.5854202869902575E-002
   3.5972280425746329E-002
   3.6032959463376618E-002
   3.6132146488108231E-002
   3.6247053118526919E-002
   3.6431387138939245E-002
   3.6455948360264154E-002
   3.6483220831090943E-002
   3.6706042812725298E-002
   3.6824746933611138E-002
   3.6866701067520075E-002
   3.7010695048026093E-002
   3.7108988222010128E-002
   3.7194495392480841E-002
   3.7303461865275389E-002
   3.7388684739746395E-002
   3.7537398918646041E-002
   3.7606769290904597E-002
   3.7738781523633039E-002
   3.7943212274406460E-002
   3.7992709523640714E-002
   3.8079720557931206E-002
   3.8158586471473625E-002
   3.8273984472103506E-002
   3.8470156144292375E-002
   3.8561115343822949E-002
   3.8612451641781446E-002
   3.8703515233634307E-002
   3.8759358835558984E-002
   3.8841732456076292E-002
   3.9008776669936927E-002
   3.9135320583248825E-002
   3.9225135626699506E-002
   3.9260378501804943E-002
   3.9442452889946703E-002
   3.9525124943251132E-002
   3.9578695126928368E-002
   3.9612263036933971E-002
   3.9718400095445493E-002
   3.9815634841126525E-002
   3.9901390308670320E-002
   3.9990019818785139E-002
   4.0079973976363724E-002
   4.0162597471492298E-002
   4.0364650797082242E-002
   4.0419662016667669E-002
   4.0474091582513194E-002
   4.0532737665269269E-002
   4.0545793358940346E-002
   4.0726559939043207E-002
   4.0807567857865663E-002
   4.0877655314289239E-002
   4.1085652560582581E-002
   4.1165254117849229E-002
   4.1205269959247524E-002
   4.1275894880609211E-002
   4.1350547268319909E-002
   4.1483962126035938E-002
   4.1497873022980615E-002
   4.1732330296687867E-002
   4.1793137259191676E-002
   4.1983472965882347E-002
   4.2100011567233857E-002
   4.2177000734958947E-002
   4.2253731858304500E-002
   4.2390954825411976E-002
   4.2626030437219152E-002
   4.2647113908698242E-002
   4.2802608468574622E-002
   4.2987189840553552E-002
   4.3103152837367126E-002
   4.3150114007024010E-002
   4.3269731395867220E-002
   4.3433455918307148E-002
   4.3687630363266401E-002
   4.3784651014861405E-002
   4.3827759383762578E-002
   4.3978780524966427E-002
   4.4066740957105568E-002
   4.4241715156255759E-002
   4.4321594733724719E-002
   4.4434026932558282E-002
   4.4511536195599631E-002
   4.4530959475227491E-002
   4.4739889038827613E-002
   4.4759850987850451E-002
   4.4937516219002778E-002
   4.5121045595322741E-002
   4.5139416871638562E-002
   4.5197032553166108E-002
   4.5522406607842146E-002
   4.5575322835406433E-002
   4.5752182607284017E-002
   4.5828562080083325E-002
   4.5941050717995938E-002
   4.6229744032881513E-002
   4.6247909704023218E-002
   4.6374518264255475E-002
   4.6546840760168379E-002
   4.6677461921405643E-002
   4.6740074292391486E-002
   4.6797145296856309E-002
   4.6949530374933865E-002
   4.7033591400652081E-002
   4.7171895954164086E-002
   4.7207978364119732E-002
   4.7342214697686041E-002
   4.7498969379114908E-002
   4.7687915902530936E-002
   4.7747831061770607E-002
   4.7820720736466461E-002
   4.8011846656225127E-002
   4.8049559346592066E-002
   4.8159017534319767E-002
   4.8283516140162547E-002
   4.8334812524318177E-002
   4.8477912627385732E-002
   4.8534533844047267E-002
   4.8656931113536923E-002
   4.8759658232994940E-002
   4.8930398771735509E-002
   4.9147020644909549E-002
   4.9283522321986045E-002
   4.9482361273364556E-002
   4.9556440464261088E-002
   4.9622664505118312E-002
   4.9811583087710838E-002
   4.9923298558653101E-002
   4.9952373011026827E-002
   5.0079455015488904E-002
   5.0160089642830405E-002
   5.0240257708463271E-002
   5.0492006720504086E-002
   5.0662320099961300E-002
   5.0783669864260784E-002
   5.0822605160482703E-002
   5.1062673931282859E-002
   5.1100830042970884E-002
   5.1277638994136836E-002
   5.1406570790020353E-002
   5.1564811516762281E-002
   5.1599481459354890E-002
   5.1799392879546560E-002
   5.1845875457940421E-002
   5.2027930081851130E-002
   5.2118279153358163E-002
   5.2308504191790645E-002
   5.2481864888740737E-002
   5.2508696867491739E-002
   5.2580337538780636E-002
   5.2686895525142358E-002
   5.2962976890645226E-002
   5.3011673105463307E-002
   5.3169810365320917E-002
   5.3323288566159151E-002
   5.3406789724798509E-002
   5.3666271376695697E-002
   5.3748201360540815E-002
   5.3789430480488669E-002
   5.4138803999102834E-002
   5.4170050299333077E-002
   5.4327446826156672E-002
   5.4463685652942490E-002
   5.4585262104437648E-002
   5.4644889285058888E-002
   5.4775650075704022E-002
   5.4870051904503253E-002
   5.5113853150633954E-002
   5.5250512140112999E-002
   5.5405637561200288E-002
   5.5520260573125077E-002
   5.5566616743668119E-002
   5.5715093536206392E-002
   5.5748253312646538E-002
   5.5935902757841438E-002
   5.6013497284661595E-002
   5.6068539400506497E-002
   5.6263871367031267E-002
   5.6395828257849348E-002
   5.6438527958660958E-002
   5.6545261277387911E-002
   5.6615117106286465E-002
   5.6792579802459740E-002
   5.6938218966049822E-002
   5.7146161802476149E-002
   5.7246726563842339E-002
   5.7506941073993720E-002
   5.7549850070534564E-002
   5.7738006994907574E-002
   5.7797855494631331E-002
   5.7851320977333948E-002
   5.7959386017480075E-002
   5.8059460815702173E-002
   5.8184376953851723E-002
   5.8353738768301078E-002
   5.8410130674648335E-002
   5.8557005121163838E-002
   5.8620459860995476E-002
   5.8721936526508860E-002
   5.8840259277701340E-002
   5.9029151943079762E-002
   5.9206861382451896E-002
   5.9416938372289362E-002
   5.9510934790941210E-002
   5.9574222244605006E-002
   5.9679133711745429E-002
   5.9773195486490197E-002
   5.9784578009180897E-002
   5.9969137699318831E-002
   6.0074359648473498E-002
   6.0305262386772321E-002
   6.0418243495568499E-002
   6.0495892852298797E-002
   6.0661428584003696E-002
   6.0805567154275333E-002
   6.1017274652629482E-002
   6.1092720134846547E-002
   6.1176729179719433E-002
   6.1385078083096789E-002
   6.1503554833202072E-002
   6.1652523938360848E-002
   6.1793472473318435E-002
   6.1861288728915734E-002
   6.2100628736636264E-002
   6.2147522600598810E-002
   6.2316948390983840E-002
   6.2412711350985091E-002
   6.2588605291331270E-002
   6.2755297582946248E-002
   6.2774934818907502E-002
   6.2910336713521323E-002
   6.3070810825445883E-002
   6.3196797731406962E-002
   6.3365393866082212E-002
   6.3547608948540404E-002
   6.3623204215635304E-002
   6.3682574675697948E-002
   6.3979444527316034E-002
   6.4043709350730102E-002
   6.4240124171859134E-002
   6.4483161366388764E-002
   6.4511025537708225E-002
   6.4576179277145526E-002
   6.4706642674036946E-002
   6.4849650008122470E-002
   6.5017482544083113E-002
   6.5132642225912044E-002
   6.5201072613211508E-002
   6.5350063415089449E-002
   6.5571653624715315E-002
   6.5645771286631419E-002
   6.5710387452903044E-002
   6.5811009573535001E-002
   6.6039613112401849E-002
   6.6174567154987873E-002
   6.6358325230430351E-002
   6.6540601244684056E-002
   6.6646298283956490E-002
   6.6685627226345121E-002
   6.6945489289140292E-002
   6.7017617354543563E-002
   6.7064440920004215E-002
   6.7261186585207036E-002
   6.7333849324192174E-002
   6.7364203774119447E-002
   6.7492583638183182E-002
   6.7593995940109675E-002
   6.7717351227577771E-002
   6.8010393404113231E-002
   6.8065732307926077E-002
   6.8412659056858519E-002
   6.8623114064012405E-002
   6.8841527108492978E-002
   6.8935252357621588E-002
   6.9243362548466719E-002
   6.9337875950959055E-002
   6.9439181889976040E-002
   6.9530103999803972E-002
   6.9777556003970051E-002
   6.9996055605213311E-002
   7.0157802593544816E-002
   7.0455692847641943E-002
   7.0519374393658699E-002
   7.0918675306124015E-002
   7.0972645288753813E-002
   7.1078222545902195E-002
   7.1259619020081377E-002
   7.1495430572691518E-002
   7.1577101734575835E-002
   7.1635097331927286E-002
   7.1804099271632532E-002
   7.1967533493675698E-002
   7.2017583558358855E-002
   7.2252512624819756E-002
   7.2495275905368181E-002
   7.2715680517645473E-002
   7.3045165458958700E-002
   7.3271419023379664E-002
   7.3309896801023039E-002
   7.3468521842256537E-002
   7.3547218370920417E-002
   7.3615006203544026E-002
   7.3785107313266013E-002
   7.4133020930469459E-002
   7.4262111204034406E-002
   7.4509693406315330E-002
   7.4727701368855357E-002
   7.4803780866503772E-002
   7.4910157776555533E-002
   7.5334745583371457E-002
   7.5430114038442173E-002
   7.5628435290226212E-002
   7.5796867192041373E-002
   7.6040650122419798E-002
   7.6187868674375714E-002
   7.6502815000685689E-002
   7.6554807910781578E-002
   7.6811416377774541E-002
   7.7024059367275313E-002
   7.7117931662627426E-002
   7.7439159426801171E-002
   7.7543180907632334E-002
   7.7734011580206444E-002
   7.8019501435938513E-002
   7.8200826349779470E-002
   7.8225434338717315E-002
   7.8608092866544826E-002
   7.8779908032711080E-002
   7.9101477500425996E-002
   7.9255513874392947E-002
   7.9439372870154221E-002
   7.9487814026932849E-002
   7.9793101694576499E-002
   8.0042456318668673E-002
   8.0092774521918819E-002
   8.0428942142545479E-002
   8.0620822386403168E-002
   8.0752661594339498E-002
   8.0867386258387172E-002
   8.1275353313651433E-002
   8.1662181110364246E-002
   8.1911073258553221E-002
   8.2275470342215926E-002
   8.2328966510532925E-002
   8.2627185294925132E-002
   8.2740189716462506E-002
   8.2934633834113716E-002
   8.3098762895877698E-002
   8.3359115097306771E-002
   8.3468850616395321E-002
   8.3628624653716496E-002
   8.3842318811122668E-002
   8.3975812683942552E-002
   8.4580866247741568E-002
   8.4712087940256892E-002
   8.5009174242206248E-002
   8.5271784944361897E-002
   8.5326477710085058E-002
   8.5534891978275893E-002
   8.5886533172709542E-002
   8.5945825447621707E-002
   8.6336067578729817E-002
   8.6418457094638926E-002
   8.7000632644953765E-002
   8.7063925163189892E-002
   8.7303375577932968E-002
   8.7339058491624849E-002
   8.7910244510934127E-002
   8.8088101171455074E-002
   8.8649454269639008E-002
   8.8840728606647615E-002
   8.9358947839577027E-002
   8.9799854158468417E-002
   8.9907432072129229E-002
   9.0408236921170546E-002
   9.0564531482124691E-002
   9.0798382273934289E-002
   9.0972300223768801E-002
   9.1273606700324625E-002
   9.1446680917038656E-002
   9.1731895465879454E-002
   9.1813672718375886E-002
   9.1900699122884760E-002
   9.2471142176069207E-002
   9.2542506866900839E-002
   9.3378018207381452E-002
   9.3815753329836674E-002
   9.3936940653028642E-002
   9.4327558927260122E-002
   9.4782182315455224E-002
   9.4950559685324551E-002
   9.5189151503759770E-002
   9.5408417807940807E-002
   9.5774073481520200E-002
   9.5975788778095969E-002
   9.6539266052850389E-002
   9.6724817980545205E-002
   9.6879358288423020E-002
   9.6890404453553028E-002
   9.7440925354703639E-002
   9.7595532002647450E-002
   9.7905974596453088E-002
   9.8136734774623161E-002
   9.8553786839288837E-002
   9.8712383318722591E-002
   9.9147759314658010E-002
   9.9334280729888327E-002
   9.9954956825756766E-002
  0.10029454435295658     
  0.10060010943862635     
  0.10086061296430890     
  0.10134451226397161     
  0.10183019946607844     
  0.10226371535083005     
  0.10264768402070151     
  0.10329302821811415     
  0.10371387982450797     
  0.10420103333788935     
  0.10448453038765308     
  0.10504549798909371     
  0.10528976269163676     
  0.10581139942399355     
  0.10602321543524491     
  0.10657836493360369     
  0.10760298580456025     
  0.10804924130647844     
  0.10834523635289277     
  0.10896246149014613     
  0.10924511238308869     
  0.11015107392190933     
  0.11031143658985099     
  0.11103449877618915     
  0.11175575286528318     
  0.11302093470812478     
  0.11354711867248443     
  0.11409133560201244     
  0.11466904876432416     
  0.11593789501576883     
  0.11659030804195761     
  0.11810176162755413     
  0.11915831514561206     
  0.11973260225339205     
  0.12044484981052052     
  0.12099592198346099     
  0.12220629366434682     
  0.12297157731874997     
  0.12359881194486140     
  0.12690820769038441     
  0.12847280797957389     
