  1    0.000682
  2    0.000655
  3    0.000661
  4    0.000339
  5    0.000278
  6    0.000150
  7    0.000143
  8    0.000191
  9    0.000333
 10    0.000352
 11    0.000109
 12    0.000145
 13    0.002577
 14    0.002048
 15    0.000754
 16    0.001239
 17    0.001005
 18    0.001506
 19    0.001640
 20    0.001528
 21    0.000939
 22    0.001159
 23    0.000617
 24    0.001170
 25    0.000995
 26    0.001002
 27    0.000686
 28    0.000497
 29    0.001259
 30    0.000438
 31    0.000434
 32    0.000377
 33    0.000927
 34    0.001470
 35    0.000339
 36    0.000925
 37    0.000595
 38    0.000469
 39    0.000948
 40    0.001124
 41    0.000489
 42    0.000468
 43    0.000417
 44    0.000420
 45    0.000445
 46    0.000371
 47    0.000324
 48    0.000390
 49    0.000364
 50    0.001013
 51    0.000423
 52    0.000336
 53    0.000324
 54    0.000471
 55    0.000921
 56    0.000404
 57    0.000198
 58    0.000497
 59    0.000304
 60    0.000362
 61    0.000404
 62    0.000448
 63    0.000315
 64    0.000297
 65    0.000537
 66    0.000409
 67    0.000217
 68    0.000319
 69    0.000358
 70    0.000448
 71    0.000178
 72    0.000384
 73    0.000284
 74    0.000286
 75    0.000239
 76    0.000280
 77    0.000324
 78    0.000213
 79    0.000287
 80    0.000289
 81    0.000201
 82    0.000177
 83    0.000139
 84    0.000211
 85    0.000242
 86    0.000158
 87    0.000194
 88    0.000198
 89    0.000266
 90    0.000250
 91    0.000275
 92    0.000419
 93    0.000144
 94    0.000230
 95    0.000203
 96    0.000229
 97    0.000203
 98    0.000270
 99    0.000170
100    0.000151
101    0.000173
102    0.000333
103    0.000132
104    0.000140
105    0.000151
106    0.000219
107    0.000464
108    0.000190
109    0.001560
110    0.002781
111    0.000813
112    0.001692
113    0.002046
114    0.001762
115    0.001512
116    0.002025
117    0.002223
118    0.002370
119    0.001567
120    0.002281
121    0.001024
122    0.002534
123    0.001213
124    0.001695
125    0.001260
126    0.001437
127    0.001307
128    0.001416
129    0.002178
130    0.001679
131    0.001285
132    0.002365
133    0.001344
134    0.001660
135    0.001633
136    0.001265
137    0.002166
138    0.001470
139    0.001665
140    0.001390
141    0.002012
142    0.001097
143    0.001732
144    0.001204
145    0.001621
146    0.001467
147    0.001925
148    0.001159
149    0.001716
150    0.000849
151    0.001970
152    0.002196
153    0.001824
154    0.002168
155    0.001245
156    0.001138
157    0.001378
158    0.001271
159    0.001182
160    0.001970
161    0.001530
162    0.001208
163    0.001207
164    0.001925
165    0.001367
166    0.002368
167    0.001229
168    0.001543
169    0.000916
170    0.001374
171    0.001053
172    0.000805
173    0.001594
174    0.001196
175    0.001003
176    0.001141
177    0.001009
178    0.000891
179    0.001440
180    0.001148
181    0.001948
182    0.001418
183    0.001379
184    0.001004
185    0.001011
186    0.001381
187    0.000793
188    0.001205
189    0.001344
190    0.001469
191    0.001378
192    0.000916
193    0.001069
194    0.000927
195    0.000639
196    0.001639
197    0.001395
198    0.001388
199    0.001067
200    0.000939
201    0.001147
202    0.001113
203    0.001447
204    0.001225
205    0.001037
206    0.000924
207    0.000876
208    0.000799
209    0.001053
210    0.000548
211    0.001025
212    0.000763
213    0.000805
214    0.000841
215    0.001038
216    0.001134
217    0.000547
218    0.000763
219    0.000527
220    0.001106
221    0.001310
222    0.000877
223    0.000739
224    0.000701
225    0.000606
226    0.001282
227    0.000888
228    0.000792
229    0.001538
230    0.000997
231    0.001538
232    0.001146
233    0.001006
234    0.000731
235    0.000822
236    0.000820
237    0.001063
238    0.000574
239    0.001043
240    0.001015
241    0.000943
242    0.000790
243    0.000645
244    0.000894
245    0.001183
246    0.000796
247    0.000942
248    0.000713
249    0.001024
250    0.001570
251    0.000737
252    0.000938
253    0.001221
254    0.000512
255    0.000615
256    0.000340
257    0.000677
258    0.000996
259    0.001112
260    0.000708
261    0.000802
262    0.001095
263    0.000754
264    0.001128
265    0.001367
266    0.000814
267    0.001386
268    0.000816
269    0.000788
270    0.001049
271    0.000741
272    0.000426
273    0.000799
274    0.000607
275    0.000792
276    0.000956
277    0.000631
278    0.000466
279    0.000742
280    0.001002
281    0.000930
282    0.000659
283    0.000891
284    0.000729
285    0.000762
286    0.000878
287    0.000686
288    0.000875
289    0.000506
290    0.000408
291    0.000420
292    0.000562
293    0.000616
294    0.000877
295    0.000821
296    0.000406
297    0.000666
298    0.000809
299    0.000690
300    0.000916
301    0.001002
302    0.000857
303    0.000410
304    0.000622
305    0.000489
306    0.001090
307    0.000655
308    0.000649
309    0.000639
310    0.000633
311    0.000493
312    0.001081
313    0.000641
314    0.000639
315    0.000533
316    0.001059
317    0.000436
318    0.000546
319    0.000656
320    0.000617
321    0.000729
322    0.000600
323    0.000675
324    0.000824
325    0.000691
326    0.000689
327    0.000472
328    0.000635
329    0.000765
330    0.000586
331    0.000842
332    0.000736
333    0.000464
334    0.000581
335    0.001827
336    0.000775
337    0.000536
338    0.000940
339    0.000625
340    0.001277
341    0.000408
342    0.000377
343    0.000312
344    0.000749
345    0.000957
346    0.000454
347    0.000911
348    0.000365
349    0.000375
350    0.000765
351    0.000469
352    0.000813
353    0.000884
354    0.000514
355    0.000899
356    0.000524
357    0.000725
358    0.000736
359    0.000442
360    0.000306
361    0.001012
362    0.000687
363    0.000547
364    0.000486
365    0.000674
366    0.000550
367    0.000423
368    0.000587
369    0.000549
370    0.000736
371    0.000935
372    0.000422
373    0.001145
374    0.000744
375    0.000539
376    0.000565
377    0.000528
378    0.000444
379    0.000446
380    0.000726
381    0.000474
382    0.000523
383    0.000282
384    0.000656
385    0.000558
386    0.000467
387    0.000505
388    0.000515
389    0.000403
390    0.000676
391    0.000483
392    0.000734
393    0.000446
394    0.000682
395    0.000434
396    0.000706
397    0.000424
398    0.000711
399    0.000544
400    0.000396
401    0.000346
402    0.000501
403    0.000312
404    0.000350
405    0.000584
406    0.000401
407    0.000613
408    0.000351
409    0.000279
410    0.000447
411    0.000415
412    0.000388
413    0.000294
414    0.000331
415    0.000238
416    0.000311
417    0.000413
418    0.000289
419    0.000287
420    0.000308
421    0.000295
422    0.000427
423    0.000330
424    0.000404
425    0.000357
426    0.000290
427    0.000448
428    0.000503
429    0.000366
430    0.000449
431    0.000242
432    0.000323
433    0.000511
434    0.000279
435    0.000321
436    0.000338
437    0.000318
438    0.000333
439    0.000429
440    0.000459
441    0.000535
442    0.000548
443    0.000364
444    0.000614
445    0.000271
446    0.000361
447    0.000378
448    0.000429
449    0.000477
450    0.000434
451    0.000455
452    0.000416
453    0.000369
454    0.000392
455    0.000545
456    0.000434
457    0.000577
458    0.000643
459    0.000498
460    0.000312
461    0.000374
462    0.000503
463    0.000260
464    0.000462
465    0.000392
466    0.000377
467    0.000371
468    0.000473
469    0.000430
470    0.000355
471    0.000446
472    0.000362
473    0.000400
474    0.000334
475    0.000584
476    0.000271
477    0.000210
478    0.000482
479    0.000503
480    0.000430
481    0.000615
482    0.000501
483    0.000353
484    0.000461
485    0.000422
486    0.000373
487    0.000389
488    0.000416
489    0.000619
490    0.000325
491    0.000427
492    0.000659
493    0.000649
494    0.000437
495    0.000503
496    0.000497
497    0.000259
498    0.000441
499    0.000440
500    0.000352
501    0.000466
502    0.000383
503    0.000378
504    0.000515
505    0.000370
506    0.000609
507    0.000600
508    0.000408
509    0.000436
510    0.000442
511    0.000335
512    0.000317
513    0.000292
514    0.000424
515    0.000275
516    0.000520
517    0.000360
518    0.000251
519    0.000372
520    0.000390
521    0.000446
522    0.000359
523    0.000365
524    0.000358
525    0.000394
526    0.000395
527    0.000483
528    0.000420
529    0.000302
530    0.000432
531    0.000458
532    0.000375
533    0.000415
534    0.000361
535    0.000426
536    0.000299
537    0.000274
538    0.000390
539    0.000304
540    0.000381
541    0.000308
542    0.000307
543    0.000349
544    0.000224
545    0.000454
546    0.000293
547    0.000383
548    0.000261
549    0.000245
550    0.000179
551    0.000292
552    0.000232
553    0.000358
554    0.000337
555    0.000337
556    0.000384
557    0.000314
558    0.000325
559    0.000289
560    0.000383
561    0.000218
562    0.000275
563    0.000188
564    0.000411
565    0.000344
566    0.000359
567    0.000241
568    0.000420
569    0.000301
570    0.000297
571    0.000164
572    0.000206
573    0.000375
574    0.000308
575    0.000409
576    0.000381
577    0.000226
578    0.000305
579    0.000270
580    0.000549
581    0.000366
582    0.000312
583    0.000426
584    0.000213
585    0.000338
586    0.000248
587    0.000360
588    0.000400
589    0.000388
590    0.000279
591    0.000321
592    0.000352
593    0.000244
594    0.000365
595    0.000267
596    0.000221
597    0.000250
598    0.000183
599    0.000321
600    0.000449
601    0.000314
602    0.000228
603    0.000312
604    0.000292
605    0.000402
606    0.000401
607    0.000195
608    0.000343
609    0.000254
610    0.000234
611    0.000269
612    0.000350
613    0.000343
614    0.000349
615    0.000311
616    0.000298
617    0.000372
618    0.000353
619    0.000180
620    0.000269
621    0.000280
622    0.000272
623    0.000241
624    0.000325
625    0.000232
626    0.000239
627    0.000257
628    0.000253
629    0.000220
630    0.000289
631    0.000269
632    0.000187
633    0.000270
634    0.000293
635    0.000269
636    0.000313
637    0.000196
638    0.000275
639    0.000402
640    0.000342
641    0.000267
642    0.000229
643    0.000344
644    0.000502
645    0.000340
646    0.000245
647    0.000272
648    0.000236
649    0.000270
650    0.000264
651    0.000243
652    0.000402
653    0.000303
654    0.000210
655    0.000311
656    0.000147
657    0.000282
658    0.000240
659    0.000290
660    0.000246
661    0.000316
662    0.000371
663    0.000256
664    0.000189
665    0.000374
666    0.000166
667    0.000341
668    0.000207
669    0.000307
670    0.000353
671    0.000255
672    0.000166
673    0.000216
674    0.000138
675    0.000322
676    0.000327
677    0.000322
678    0.000290
679    0.000272
680    0.000221
681    0.000181
682    0.000299
683    0.000153
684    0.000159
685    0.000174
686    0.000207
687    0.000284
688    0.000196
689    0.000226
690    0.000178
691    0.000200
692    0.000136
693    0.000170
694    0.000395
695    0.000220
696    0.000165
697    0.000169
698    0.000191
699    0.000140
700    0.000275
701    0.000199
702    0.000211
703    0.000260
704    0.000181
705    0.000118
706    0.000236
707    0.000242
708    0.000212
709    0.000338
710    0.000350
711    0.000174
712    0.000358
713    0.000231
714    0.000307
715    0.000243
716    0.000148
717    0.000318
718    0.000332
719    0.000180
720    0.000309
721    0.000165
722    0.000196
723    0.000226
724    0.000236
725    0.000237
726    0.000281
727    0.000208
728    0.000260
729    0.000269
730    0.000267
731    0.000163
732    0.000227
733    0.000265
734    0.000192
735    0.000242
736    0.000206
737    0.000213
738    0.000188
739    0.000226
740    0.000145
741    0.000192
742    0.000199
743    0.000135
744    0.000213
745    0.000235
746    0.000204
747    0.000157
748    0.000243
749    0.000163
750    0.000122
751    0.000128
752    0.000145
753    0.000159
754    0.000171
755    0.000201
756    0.000135
757    0.000155
758    0.000200
759    0.000116
760    0.000139
761    0.000150
762    0.000239
763    0.000185
764    0.000137
765    0.000114
766    0.000173
767    0.000205
768    0.000190
769    0.000244
770    0.000142
771    0.000169
772    0.000193
773    0.000187
774    0.000072
775    0.000147
776    0.000257
777    0.000216
778    0.000144
779    0.000165
780    0.000136
781    0.000112
782    0.000218
783    0.000128
784    0.000214
785    0.012291
786    0.014932
787    0.009755
788    0.012684
789    0.017293
790    0.014308
791    0.018231
792    0.009932
793    0.011174
794    0.015186
795    0.017522
796    0.021478
797    0.013880
798    0.017095
799    0.006048
800    0.010852
801    0.008185
802    0.016564
803    0.010414
804    0.014177
805    0.006253
806    0.008985
807    0.013869
808    0.009502
809    0.012041
810    0.010458
811    0.007921
812    0.006859
813    0.015457
814    0.007336
815    0.007365
816    0.008888
817    0.019373
818    0.024109
819    0.016172
820    0.016182
821    0.009034
822    0.013952
823    0.014557
824    0.018435
825    0.020510
