075	001
003	073
073	003
005	071
006	071
071	006
008	069
068	008
069	008
067	008
014	009
014	010
012	010
013	010
016	012
017	013
017	014
018	014
015	015
019	015
020	016
046	016
021	017
022	018
022	018
023	019
024	020
025	021
026	022
027	023
028	024
029	028
033	030
034	030
035	031
032	186
036	032
036	033
037	033
038	034
039	035
040	036
041	037
042	038
043	039
039	043
039	050
039	148
044	040
045	041
045	041
050	043
050	047
051	049
084	049
051	051
051	082
052	051
082	051
051	148
051	084
052	146
146	052
053	080
080	053
054	144
144	054
055	078
078	055
056	142
178	056
057	142
142	057
141	057
178	058
059	139
139	059
060	176
176	060
060	176
176	060
061	137
137	061
062	174
174	062
136	063
124	063
064	064
064	172
064	064
065	064
172	064
064	065
065	083
068	065
083	065
068	066
068	068
069	068
083	068
070	081
081	070
072	079
079	072
179	073
179	073
074	077
169	084
084	169
160	086
088	158
158	088
090	156
091	156
156	091
093	154
153	093
154	093
152	093
099	094
099	095
097	095
098	095
101	097
102	098
102	099
103	099
100	100
104	100
105	101
131	101
106	102
107	103
107	103
108	104
109	105
110	106
111	107
112	108
113	109
114	113
118	115
119	115
120	116
117	177
121	117
121	118
122	118
123	119
124	120
125	121
126	122
127	123
128	124
124	128
124	135
129	125
130	126
130	126
135	128
135	132
136	134
169	134
136	136
136	167
137	136
167	136
136	169
138	165
165	138
140	163
163	140
187	141
187	143
145	185
185	145
145	185
185	145
147	183
183	147
149	149
149	181
149	149
150	149
181	149
149	150
150	168
153	150
168	150
153	151
153	153
154	153
168	153
155	166
166	155
157	164
164	157
188	158
188	158
159	162
177	178
186	187
