   6.4431598068489492E-003
   6.8796850352883703E-003
   1.6647410730199340E-002
   2.3095173479611819E-002
   2.3646833485100036E-002
   2.7641569122116481E-002
   2.9842688036617715E-002
   3.1929404788830440E-002
   3.3897173070717435E-002
   3.6305136982616601E-002
   3.7319478151028374E-002
   4.1680958778544969E-002
   4.3304459426564836E-002
   4.4346390462521597E-002
   4.5302820190268760E-002
   4.7105503333673887E-002
   4.8493980979663877E-002
   4.9166165582733276E-002
   5.0868539446633221E-002
   5.1452453916527009E-002
   5.2397116551101859E-002
   5.3380298504460251E-002
   5.4450141848527304E-002
   5.4777218083575489E-002
   5.6758227116900276E-002
   5.8344874753217396E-002
   5.9105190885242395E-002
   6.1214400258833609E-002
   6.1583472149880192E-002
   6.2490126680264879E-002
   6.4149999686529055E-002
   6.5316728016197853E-002
   6.5648342059941939E-002
   6.6165758761482049E-002
   6.6974022181876203E-002
   6.8240013873041142E-002
   6.8597571905577234E-002
   7.0092312293977388E-002
   7.0370508737359158E-002
   7.1087488290326059E-002
   7.1533194067361278E-002
   7.2192897546780890E-002
   7.2944196541338907E-002
   7.3412862074615060E-002
   7.4097777966973491E-002
   7.4726237657227579E-002
   7.5344446550805813E-002
   7.5456292979325615E-002
   7.6535251941176358E-002
   7.6755008540278780E-002
   7.7141032712542065E-002
   7.7939866423291385E-002
   7.8447158687017807E-002
   7.9367050055564881E-002
   7.9910896034293397E-002
   8.0862411919265589E-002
   8.1088159343969693E-002
   8.1695187105438813E-002
   8.2326645775166629E-002
   8.2800846094195329E-002
   8.3093251454282771E-002
   8.3398691166755759E-002
   8.3812216771720197E-002
   8.4521504617307938E-002
   8.5336358499046472E-002
   8.5700779003266836E-002
   8.6068597798677746E-002
   8.6074950960942767E-002
   8.7391465038510710E-002
   8.7557511355062026E-002
   8.8434227686997130E-002
   8.9286094803429292E-002
   8.9821200279436186E-002
   9.0072329078642030E-002
   9.0894042047373169E-002
   9.1774174901542813E-002
   9.2218064665806454E-002
   9.3015797813894574E-002
   9.3748855138475445E-002
   9.3772091681223135E-002
   9.4326532180485700E-002
   9.4896366339623756E-002
   9.5687747342859952E-002
   9.6330226599468050E-002
   9.6916153492197205E-002
   9.7292466278819614E-002
   9.7316172461548348E-002
   9.8021830900227175E-002
   9.8356900841081757E-002
   9.9228420400706938E-002
   9.9860682936081885E-002
  0.10073644120955538     
  0.10120615027964679     
  0.10178838215554989     
  0.10222191781876393     
  0.10285695201879469     
  0.10309154997865942     
  0.10324697625400402     
  0.10433707179991372     
  0.10470617271067495     
  0.10562739906398107     
  0.10621591597953765     
  0.10665929574054230     
  0.10700401446160480     
  0.10763347864098127     
  0.10793451573188188     
  0.10890695682123842     
  0.10920367219070447     
  0.10951791239340604     
  0.10968009928319469     
  0.11072092511959891     
  0.11150429260916156     
  0.11167221633565393     
  0.11220326750471228     
  0.11267372898571380     
  0.11298570731335793     
  0.11329779126685419     
  0.11370044696229122     
  0.11397639799088723     
  0.11472773543255446     
  0.11536760862353007     
  0.11565649815771833     
  0.11595703957331958     
  0.11642118401666167     
  0.11722686336341331     
  0.11754512760753087     
  0.11767544701136612     
  0.11828787861471236     
  0.11858396781789139     
  0.11881910310206308     
  0.11984023270418462     
  0.11995289482669415     
  0.12020057770531653     
  0.12099329610331180     
  0.12134596506836672     
  0.12233737680244414     
  0.12271331792254749     
  0.12308324301837383     
  0.12333778398191680     
  0.12390406133312450     
  0.12426238397887468     
  0.12479496888761882     
  0.12525023043668740     
  0.12568766319206445     
  0.12588177050572305     
  0.12668664390568404     
  0.12684654696714581     
  0.12717251625241280     
  0.12779942130607549     
  0.12842963375801622     
  0.12860630640920925     
  0.12892838453834424     
  0.12944576377585504     
  0.12985849739504410     
  0.13022505146206934     
  0.13036151089803089     
  0.13099292368733650     
  0.13121660112223107     
  0.13198637583373465     
  0.13207295486184431     
  0.13257565174065705     
  0.13283974917810054     
  0.13287951262166733     
  0.13314982113643989     
  0.13422737842562735     
  0.13460302821872780     
  0.13500105361488787     
  0.13530592640880409     
  0.13535153848893877     
  0.13585282743868174     
  0.13598075971275067     
  0.13660400854776045     
  0.13706749621355596     
  0.13730912024538425     
  0.13800781651112917     
  0.13810019764365264     
  0.13839700568978303     
  0.13849754253805310     
  0.13872051875383226     
  0.13918688459412487     
  0.13961242297622919     
  0.13989518757603114     
  0.14040637139182513     
  0.14073670393744483     
  0.14080211372845661     
  0.14117029849648427     
  0.14126397790006118     
  0.14200838198188376     
  0.14225830188430053     
  0.14257053502746114     
  0.14265029955875641     
  0.14305980338314928     
  0.14320247185024368     
  0.14361682314131818     
  0.14373946406224000     
  0.14398827662004743     
  0.14460445353080414     
  0.14476017920320863     
  0.14511655068251805     
  0.14536840943884261     
  0.14551581223413701     
  0.14595653734187175     
  0.14605215827477222     
  0.14646800042315938     
  0.14696744001115147     
  0.14707659534343501     
  0.14738334333956774     
  0.14742514686609964     
  0.14801823198682182     
  0.14834068399321376     
  0.14848478158192560     
  0.14875827304286379     
  0.14887788756062961     
  0.14918726822759878     
  0.14950397978373994     
  0.14977103791418450     
  0.14998018533894622     
  0.15011040742690263     
  0.15040943124707307     
  0.15087113246222011     
  0.15134371885524997     
  0.15171184013846659     
  0.15183551574298992     
  0.15228199315099564     
  0.15231033660022167     
  0.15268829476887155     
  0.15296871712560106     
  0.15311662056829400     
  0.15319881024739060     
  0.15361139600133841     
  0.15381461140499708     
  0.15427384317460252     
  0.15457073231042628     
  0.15478629490968504     
  0.15500124643135446     
  0.15514537535130285     
  0.15550230297433695     
  0.15583817562443752     
  0.15633978443955993     
  0.15648093324997217     
  0.15678232058622027     
  0.15696018436062867     
  0.15735457467657371     
  0.15778126631756437     
  0.15805282554734060     
  0.15824028824568989     
  0.15839904262132148     
  0.15890256221672128     
  0.15917972245230091     
  0.15944289903877323     
  0.15974113325930589     
  0.15985319177947283     
  0.16009137176117580     
  0.16022461807196281     
  0.16028501224333866     
  0.16053593379936282     
  0.16072339454660867     
  0.16102235785808933     
  0.16141156753808433     
  0.16179192603245188     
  0.16203374618365166     
  0.16217736630431806     
  0.16262913619646946     
  0.16298417857365652     
  0.16304729255343459     
  0.16336857970069957     
  0.16349103625186792     
  0.16378798984181733     
  0.16439617639240847     
  0.16441905161894477     
  0.16473980846574710     
  0.16495941032692660     
  0.16507763891971103     
  0.16530513289046778     
  0.16535809083747210     
  0.16555093710256902     
  0.16586266581848011     
  0.16602663942922971     
  0.16661907054492800     
  0.16691710608109905     
  0.16706714808953080     
  0.16739497329218925     
  0.16759994673521006     
  0.16800687210796389     
  0.16822406452761984     
  0.16834787569215809     
  0.16850282973836697     
  0.16900101186068539     
  0.16910689606128729     
  0.16968272977243101     
  0.16991886446109589     
  0.17026207457857861     
  0.17028926586853632     
  0.17043133363193855     
  0.17064976300568332     
  0.17108112408722179     
  0.17144996497436796     
  0.17176553764135891     
  0.17208777232343969     
  0.17226275218071976     
  0.17270368388090954     
  0.17296138193554028     
  0.17314483205345613     
  0.17341978639322136     
  0.17406547944068418     
  0.17421979333883361     
  0.17438208124948140     
  0.17487930341507990     
  0.17512755200763411     
  0.17523047614494078     
  0.17574078369459095     
  0.17594168200962554     
  0.17637414985557123     
  0.17660692552901669     
  0.17684697995568463     
  0.17771585674457346     
  0.17801928714729584     
  0.17878224549966076     
  0.17915783735083754     
  0.17949670279899618     
  0.17969270336596030     
  0.18047960402708579     
  0.18063318219259014     
  0.18112556815163777     
  0.18144578383515800     
  0.18192305418682508     
  0.18226906945446691     
  0.18269015047933745     
  0.18289922001221903     
  0.18352047421944878     
  0.18420126134341880     
  0.18445045804446966     
  0.18466529344501245     
  0.18516578788169114     
  0.18531515561378131     
  0.18584859000967494     
  0.18587240565168106     
  0.18654731151308415     
  0.18684624650412771     
  0.18703951504623736     
  0.18753331364234169     
  0.18818555466982659     
  0.18855209112934038     
  0.18931856773914352     
  0.18965134003256567     
  0.18995914438494965     
  0.19037896121730891     
  0.19065577559173880     
  0.19102299541165071     
  0.19163991246639359     
  0.19187376613278428     
  0.19275372419000961     
  0.19314442294032003     
  0.19374683657147973     
  0.19403096070176992     
  0.19421867989755090     
  0.19487504175520329     
  0.19505775856121826     
  0.19547795468198609     
  0.19621074236994465     
  0.19651796028780538     
  0.19687915360982217     
  0.19744372940038279     
  0.19787480315586090     
  0.19827955031116154     
  0.19878834146972330     
  0.19930604764737278     
  0.19936764744493263     
  0.19977712799353303     
  0.19998346981507897     
  0.20038650826446769     
  0.20056456328452044     
  0.20082114981026658     
  0.20169830907757669     
  0.20205202088659505     
  0.20261328264348216     
  0.20311068871839136     
  0.20326902656705095     
  0.20380120345158173     
  0.20416294247430192     
  0.20481399193512326     
  0.20525304723411400     
  0.20557241668727363     
  0.20604692811026729     
  0.20656011160310278     
  0.20672924994826994     
  0.20722738510082986     
  0.20786867795978933     
  0.20842033631563286     
  0.20852132130779735     
  0.20916599035317887     
  0.20982221971199075     
  0.21061588548215257     
  0.21125414610938956     
  0.21166785432058610     
  0.21186421049201409     
  0.21239143449439254     
  0.21272326038635700     
  0.21303099793016511     
  0.21367503831158891     
  0.21427078751753834     
  0.21487901423309866     
  0.21505508527586956     
  0.21571186664227165     
  0.21649183686463344     
  0.21741569722535287     
  0.21774016244172845     
  0.21799726012850995     
  0.21849295869124555     
  0.21940826545302761     
  0.21959617394200681     
  0.22044446451858471     
  0.22089062919739511     
  0.22101592210682630     
  0.22240913717600280     
  0.22341338112563067     
  0.22412627095079637     
  0.22495452667569457     
  0.22621889957695354     
  0.22662695146633810     
  0.22702315011065138     
  0.22797845034719613     
  0.22926318689878147     
  0.23006627937797886     
  0.23049378720291958     
  0.23146311830754818     
  0.23212107329791770     
  0.23354599973723553     
  0.23401117912577676     
  0.23526197342356139     
  0.23583022873501749     
  0.23615928643461878     
  0.23675977877943152     
  0.23856016483010334     
  0.23962243029299696     
  0.24074444086928931     
  0.24136332511684963     
  0.24255154766730427     
  0.24311506480260589     
  0.24365973165723492     
  0.24514716375075160     
  0.24649802049591266     
  0.24779894392638008     
  0.24884693571337799     
  0.24923957784650788     
  0.25212905068664881     
  0.25233281106885613     
  0.25461142596735620     
  0.25549574630633048     
  0.25573941228824426     
  0.25721140314408564     
  0.25823439407827375     
  0.25978082586224510     
  0.26050541645022568     
  0.26092467355279580     
  0.26198395630354110     
  0.26291543190038036     
  0.26393102118456480     
  0.26469568654090359     
  0.26551818684366302     
  0.26685203451649092     
  0.26968469465501277     
  0.27032610840432375     
  0.27107265234984973     
  0.27223267280241759     
  0.27275133035217897     
  0.27514898285061429     
  0.27531918633727426     
  0.27645060929840998     
  0.27705139304692200     
  0.27912689390271417     
  0.28088513671943205     
  0.28221392030183978     
  0.28353884456378559     
  0.28516082766444062     
  0.28521639357194861     
  0.28611578011444549     
  0.28800873007966210     
  0.28982122676178601     
  0.29365157592485625     
  0.29509983793830225     
  0.29519812529297812     
  0.29727770350519056     
  0.29745717444125780     
  0.29919979396847057     
  0.30409867129201051     
  0.30494203490290256     
  0.30736626202060213     
  0.31084704911359406     
  0.31456295856672989     
  0.31789676901897368     
  0.31806477388582816     
  0.32082433972924024     
  0.32427493407136976     
  0.32759027889642506     
  0.32875793280450422     
  0.33685083836810120     
  0.34742422614605989     
  0.35274209011416141     
  0.35780325172506255     
  0.36468582362682489     
  0.36624694943887315     
  0.38112129873734846     
  0.41085037466229080     
