002	072
072	002
004	070
005	070
070	005
006	005
007	068
067	007
068	007
066	007
066	007
013	008
013	009
012	009
014	010
015	011
016	012
017	013
018	014
014	018
019	015
044	015
045	015
020	016
021	017
021	017
022	018
023	019
024	020
025	021
026	022
036	022
027	023
032	029
033	029
030	030
034	030
035	031
031	032
036	032
037	033
038	034
039	035
040	036
041	037
042	038
038	042
038	049
038	147
043	039
044	040
045	041
046	042
049	042
049	046
083	048
050	049
050	050
050	081
051	050
081	050
050	083
051	145
145	051
051	079
052	079
079	052
053	143
143	053
054	077
077	054
055	141
056	141
141	056
056	141
058	138
138	058
060	136
136	060
123	062
063	063
063	063
064	063
063	064
064	082
067	064
082	064
067	065
067	067
068	067
082	067
069	080
080	069
071	078
078	071
073	076
076	073
135	083
083	168
168	083
087	157
157	087
089	155
090	155
155	090
092	153
152	092
153	092
098	093
098	094
097	094
099	095
096	096
100	096
101	097
102	098
103	099
099	103
104	100
130	100
105	101
106	102
106	102
107	103
108	104
109	105
110	107
111	107
121	107
112	108
117	114
118	114
115	115
119	115
120	116
121	117
122	118
123	119
124	120
125	121
126	122
127	123
123	127
123	134
128	124
129	125
130	126
134	127
167	130
134	131
168	133
135	134
135	135
135	166
136	135
166	135
135	168
136	164
137	164
164	137
139	162
162	139
148	148
148	148
149	148
148	149
149	167
152	149
152	150
152	152
153	152
167	152
154	165
165	154
156	163
163	156
158	161
161	158
