   1.0521295082162208E-002
   1.4193752972688156E-002
   2.2404873292402126E-002
   2.3363404713378555E-002
   2.5800396091632039E-002
   2.7093061393014078E-002
   2.8281894854040202E-002
   2.9238437535186866E-002
   3.2028662784728046E-002
   3.3136391764870814E-002
   3.4404487113652897E-002
   3.6012072407930307E-002
   3.7817161489221873E-002
   4.0359008630269033E-002
   4.1632187368490239E-002
   4.2879643375843657E-002
   4.3268810414747283E-002
   4.4502441168472288E-002
   4.5932655852561510E-002
   4.7847354883959185E-002
   4.8770613985380247E-002
   4.9057171096072320E-002
   4.9682840557975456E-002
   5.1945623818218427E-002
   5.5080950770377085E-002
   5.5847152112165503E-002
   5.6419332820033134E-002
   5.7669359660616898E-002
   5.9008008905768169E-002
   5.9903704559808896E-002
   6.0890514626667752E-002
   6.3077655209115041E-002
   6.4438783627566054E-002
   6.4896314661793589E-002
   6.5385871293014569E-002
   6.5811865488066765E-002
   6.6401852972928083E-002
   6.7127826719622738E-002
   6.7442302517840474E-002
   6.7961760932410534E-002
   6.8889688601925805E-002
   7.0058100896958506E-002
   7.0967092259014111E-002
   7.1102579894905121E-002
   7.1894233296089877E-002
   7.1972696072901327E-002
   7.2640588442721768E-002
   7.3077237872148079E-002
   7.4393476661102131E-002
   7.5586963072606678E-002
   7.5903713417835264E-002
   7.6139845156538058E-002
   7.7755136455850332E-002
   7.8264562716090752E-002
   7.9166200256186245E-002
   7.9965066237324939E-002
   8.0242674778267964E-002
   8.1476343776850507E-002
   8.2595334412683491E-002
   8.2954518145349737E-002
   8.3534405413170656E-002
   8.4171701920464109E-002
   8.4655455142420483E-002
   8.5450464809582613E-002
   8.5960739496781735E-002
   8.6476481306224887E-002
   8.6615410432222970E-002
   8.7003907962356103E-002
   8.7679747280820813E-002
   8.7838067681731843E-002
   8.8531345024438476E-002
   8.9249752213005837E-002
   8.9597418088679520E-002
   8.9832316324558167E-002
   9.1142152273988752E-002
   9.1985970112771792E-002
   9.2100849726331951E-002
   9.2590651179403988E-002
   9.2973955849210671E-002
   9.3233021115613018E-002
   9.3664660444591291E-002
   9.4558507299472752E-002
   9.5191288304607199E-002
   9.6080737797658244E-002
   9.6188115007560110E-002
   9.6643287404454631E-002
   9.7350839647395743E-002
   9.8326963009643845E-002
   9.8785545628865018E-002
   9.9091177815424883E-002
   9.9481757388302713E-002
  0.10009723783684200     
  0.10040739995301348     
  0.10097092171683950     
  0.10179599882697903     
  0.10209043502197186     
  0.10281394674541479     
  0.10300319317911270     
  0.10352351285938671     
  0.10381765078234069     
  0.10436809141819894     
  0.10491712383860466     
  0.10512660011832774     
  0.10523584297406287     
  0.10587676520549205     
  0.10642172380904506     
  0.10736646476218635     
  0.10760131554778017     
  0.10824414320249745     
  0.10912345042580641     
  0.10954633609213801     
  0.11014940907139915     
  0.11029638835332253     
  0.11079715201085009     
  0.11100667224158750     
  0.11182931404144210     
  0.11212698811909859     
  0.11293475372112008     
  0.11348738193348770     
  0.11454315400955017     
  0.11510027756657160     
  0.11571597460340560     
  0.11601438116939959     
  0.11651772378232376     
  0.11674039639662687     
  0.11745204043641415     
  0.11753513563788225     
  0.11790106033598205     
  0.11862025759805853     
  0.11898822800537034     
  0.11952102475300047     
  0.11990537489717056     
  0.12058956040823737     
  0.12064425861284823     
  0.12162550144538767     
  0.12213403501461174     
  0.12236837156307617     
  0.12288611263327555     
  0.12325240234579710     
  0.12373176850598519     
  0.12392840662963901     
  0.12501229881829939     
  0.12505146981296500     
  0.12529757668802682     
  0.12568368975967040     
  0.12587679807958210     
  0.12633875300244352     
  0.12685283544535292     
  0.12761680866975988     
  0.12787125126013602     
  0.12803455475402045     
  0.12850544775885187     
  0.12877890046854817     
  0.12912662491303928     
  0.12939692299220459     
  0.12996851252031330     
  0.13048966677938456     
  0.13071297938635434     
  0.13086022284708645     
  0.13127278051237143     
  0.13146080136549318     
  0.13198185000442827     
  0.13236623499250300     
  0.13282058706009844     
  0.13296800369708334     
  0.13327619451820927     
  0.13387659029885018     
  0.13402316799538563     
  0.13431621632767796     
  0.13479237677752207     
  0.13510601908535916     
  0.13538601500173308     
  0.13582353840281905     
  0.13597623174662529     
  0.13619140010978442     
  0.13658590287407082     
  0.13669824372974917     
  0.13726163253722876     
  0.13779944345288436     
  0.13786218122904212     
  0.13823060920175834     
  0.13845093747184381     
  0.13884234520238559     
  0.13908086014830751     
  0.13919936113415468     
  0.13930026878477980     
  0.13969378698109161     
  0.13999469898129521     
  0.14024715591047685     
  0.14026582872593962     
  0.14071604833482848     
  0.14088663260921006     
  0.14113188523565853     
  0.14128628649116567     
  0.14147482429416183     
  0.14150869869912097     
  0.14177486131219669     
  0.14215777113997402     
  0.14246990611302013     
  0.14289980553533471     
  0.14328929836135687     
  0.14342771529009848     
  0.14373597741529404     
  0.14418380458491178     
  0.14427614362890884     
  0.14440445026479459     
  0.14458018474153733     
  0.14486064598587653     
  0.14509806535284467     
  0.14540849327244523     
  0.14554486339179135     
  0.14589633200012689     
  0.14606511582658799     
  0.14608544734835294     
  0.14644633074213456     
  0.14683583631690819     
  0.14697925989789296     
  0.14711624618468042     
  0.14748499488949190     
  0.14786947824740387     
  0.14809886141242581     
  0.14819633675424368     
  0.14850527539599395     
  0.14858668901630634     
  0.14905893754050545     
  0.14924396305335264     
  0.14933980325132959     
  0.14954946084224896     
  0.14992235359350417     
  0.15004574057383405     
  0.15025762198744058     
  0.15052400922700107     
  0.15080807704388208     
  0.15107299927116813     
  0.15133131855686291     
  0.15160548991562159     
  0.15179634032451078     
  0.15201508163874669     
  0.15228406722362328     
  0.15238226501954755     
  0.15298564408410720     
  0.15313014076465237     
  0.15319333024163848     
  0.15356776686687479     
  0.15369065109615285     
  0.15406558213399391     
  0.15412103305214331     
  0.15429084128747042     
  0.15470161457557313     
  0.15483648461040719     
  0.15507462516375806     
  0.15547982701254226     
  0.15591749210305741     
  0.15600968627681200     
  0.15611338631107777     
  0.15637798097892253     
  0.15668857078066881     
  0.15684556384557849     
  0.15719562421261257     
  0.15733659331408306     
  0.15742767487447656     
  0.15781291888258073     
  0.15801998209715504     
  0.15839452982136248     
  0.15853129299370852     
  0.15888782658367001     
  0.15899547072420644     
  0.15919083448498134     
  0.15957134148657201     
  0.15959566529441729     
  0.15974953199448980     
  0.16026268438805880     
  0.16043782824016706     
  0.16061444074316825     
  0.16076871763813030     
  0.16108295910042281     
  0.16131561097084254     
  0.16174422414252010     
  0.16186599720399381     
  0.16211942366629181     
  0.16229753552049733     
  0.16246169570737490     
  0.16293590505441707     
  0.16301057334976382     
  0.16335171735015069     
  0.16354667888705296     
  0.16373416263883697     
  0.16405762049866127     
  0.16419049857435886     
  0.16466997414779352     
  0.16471835296531750     
  0.16493715832688674     
  0.16511770183490088     
  0.16528328028320555     
  0.16562971604626689     
  0.16594243318833501     
  0.16598502567796131     
  0.16662204785068835     
  0.16684214361841598     
  0.16718695207652420     
  0.16732618320401454     
  0.16753493970877062     
  0.16793847280600083     
  0.16806250229831241     
  0.16849443808006706     
  0.16881178137356503     
  0.16919307457298183     
  0.16944097638370423     
  0.16956627059379933     
  0.16977256910959196     
  0.17014927089380544     
  0.17035390281931714     
  0.17040075595150789     
  0.17071123152204473     
  0.17091637618501770     
  0.17119897431531877     
  0.17130906786714856     
  0.17162544883610475     
  0.17168750471436889     
  0.17184894570792567     
  0.17211336973203456     
  0.17261387589921193     
  0.17291495966818554     
  0.17325968753829529     
  0.17342182123019567     
  0.17366764550020253     
  0.17382674367057541     
  0.17401824287174411     
  0.17447370034565188     
  0.17459490512893705     
  0.17478969443964704     
  0.17496610812363825     
  0.17537799652082459     
  0.17566262185954226     
  0.17585093608573479     
  0.17598471776709326     
  0.17609469808255396     
  0.17636057284027692     
  0.17650855085270648     
  0.17677171434614811     
  0.17708133621774447     
  0.17739954870588245     
  0.17752207534912320     
  0.17774340553308168     
  0.17795756565045873     
  0.17810746683391504     
  0.17847514046962287     
  0.17869205282572506     
  0.17928311401342706     
  0.17972376047651609     
  0.17991251633027738     
  0.18037532570454545     
  0.18049331886289358     
  0.18078040761765149     
  0.18094373416051690     
  0.18117100890483112     
  0.18132266552350584     
  0.18152764100210339     
  0.18181048069046241     
  0.18212440023600382     
  0.18214190977935296     
  0.18262176223675164     
  0.18285630509134840     
  0.18293885307799135     
  0.18324007765437625     
  0.18341706805037464     
  0.18363646188776170     
  0.18375118484841244     
  0.18407952144028203     
  0.18470342863974618     
  0.18507135078021900     
  0.18517918383311366     
  0.18552304796977964     
  0.18562778521180270     
  0.18617713704116184     
  0.18635980912282307     
  0.18705184822101545     
  0.18724257520782941     
  0.18758274424070950     
  0.18785282585582791     
  0.18794559930253132     
  0.18820612015194974     
  0.18851871007463836     
  0.18884874453801268     
  0.18896070218762887     
  0.18915549182754790     
  0.18962268369824453     
  0.18967953669508753     
  0.19000641325143428     
  0.19016572349568486     
  0.19049657237509571     
  0.19086174538449283     
  0.19098292673581468     
  0.19120103872633015     
  0.19162708724199326     
  0.19180312543130407     
  0.19219353640012468     
  0.19244192626512960     
  0.19311615571313268     
  0.19324321063285260     
  0.19365025985694956     
  0.19382841288938574     
  0.19433593541454108     
  0.19457430330889194     
  0.19503077665699861     
  0.19513771530054483     
  0.19559872451139557     
  0.19626451051365779     
  0.19628948380158062     
  0.19651900952869558     
  0.19704602535876084     
  0.19755711757611730     
  0.19807359951828263     
  0.19817365852942731     
  0.19838670198608488     
  0.19841293606099594     
  0.19899679655600305     
  0.19921988782301572     
  0.19974157524742392     
  0.19985802708540104     
  0.20038288578975261     
  0.20081934617593078     
  0.20088874793415407     
  0.20131784103667963     
  0.20148999697297201     
  0.20170308654382565     
  0.20173077987173638     
  0.20232707962704291     
  0.20272798690135432     
  0.20312997714229511     
  0.20327323330764482     
  0.20337858006658391     
  0.20383447950809472     
  0.20412838149390131     
  0.20426605371959280     
  0.20471699142009980     
  0.20479999498488655     
  0.20527570928871428     
  0.20543394576572788     
  0.20593884977289928     
  0.20599564595423017     
  0.20652879393399645     
  0.20668120702664938     
  0.20724188660830481     
  0.20748665551617171     
  0.20785084672926143     
  0.20815614261970711     
  0.20842705660437100     
  0.20919830871037240     
  0.20960404035818822     
  0.20971112072937678     
  0.21026207546640432     
  0.21036475877514699     
  0.21053520191411937     
  0.21086319259292363     
  0.21105234051793834     
  0.21141341103135622     
  0.21169060733078512     
  0.21206999582891931     
  0.21256721285505478     
  0.21312138610006473     
  0.21338435288918067     
  0.21352291814502661     
  0.21375853993612431     
  0.21406809948321553     
  0.21467654766114994     
  0.21479015910930888     
  0.21523399167404367     
  0.21533504862244235     
  0.21585561786516844     
  0.21652250531132247     
  0.21715658406080632     
  0.21739667777059257     
  0.21767963438677590     
  0.21823933609573937     
  0.21840306714726565     
  0.21844314544589893     
  0.21883563861740821     
  0.21921649746927602     
  0.21950326144026153     
  0.22021118770095693     
  0.22026371724576643     
  0.22047744550464080     
  0.22077881495828466     
  0.22115133750985655     
  0.22155212605996616     
  0.22234124947138784     
  0.22259958494020046     
  0.22324406533305979     
  0.22403876932193328     
  0.22441691101737682     
  0.22458043092508961     
  0.22515934025951126     
  0.22559997027587375     
  0.22566860811352635     
  0.22637536328800223     
  0.22692289007704719     
  0.22748581015464342     
  0.22792331128940949     
  0.22814286099987552     
  0.22863278814025714     
  0.22913859023078406     
  0.22965943978675024     
  0.22986035548059075     
  0.23033228788256277     
  0.23067692732097322     
  0.23169183003536206     
  0.23219726259681597     
  0.23282082911034960     
  0.23315423514014891     
  0.23374332593557282     
  0.23395504572810483     
  0.23476871241144145     
  0.23519749065739989     
  0.23533615178856038     
  0.23653136286130308     
  0.23680481065719935     
  0.23696133540130013     
  0.23775847068892680     
  0.23811102965333947     
  0.23928858439563208     
  0.23947717023232082     
  0.23991178522818743     
  0.24075968545483009     
  0.24146229194427304     
  0.24168609907570779     
  0.24214278774960393     
  0.24269954309093100     
  0.24344839269341548     
  0.24386767361828390     
  0.24397297592556585     
  0.24416957048499000     
  0.24489595136223088     
  0.24534858234987728     
  0.24580223803523329     
  0.24627858101302330     
  0.24655365365131748     
  0.24784139457480900     
  0.24840879765215815     
  0.24887859348860977     
  0.24946374409328900     
  0.24992511461850836     
  0.25041924677293070     
  0.25068459230226092     
  0.25151093823106507     
  0.25218620027591193     
  0.25221391721717873     
  0.25263601613175535     
  0.25390095624642905     
  0.25433534041585948     
  0.25519460397690169     
  0.25546509309107696     
  0.25681101321089495     
  0.25724569753642712     
  0.25757905073865306     
  0.25831366453488502     
  0.25943334766634563     
  0.26021487866350407     
  0.26052899626434217     
  0.26144475997256911     
  0.26218536533711850     
  0.26294037543590665     
  0.26409962393115033     
  0.26505406823727490     
  0.26548345536492801     
  0.26631146270192863     
  0.26723478508555343     
  0.26751216898143321     
  0.26895694984894497     
  0.26910583578394365     
  0.27022564646307629     
  0.27135884308577535     
  0.27151983343321406     
  0.27214104284670565     
  0.27383671913970914     
  0.27479662000050908     
  0.27526698927219234     
  0.27558806547883180     
  0.27633690518915799     
  0.27692910095460793     
  0.27739223805447427     
  0.27760757936950925     
  0.27850318394366591     
  0.27871953791004755     
  0.27957455535939724     
  0.28038302837416457     
  0.28108335494861869     
  0.28188524706637430     
  0.28205883574854906     
  0.28295149438597822     
  0.28439217681780615     
  0.28500693967631674     
  0.28527014975722170     
  0.28558695521246441     
  0.28624230129262374     
  0.28663703062548190     
  0.28807922549267184     
  0.28832389408661885     
  0.28934430760599833     
  0.29011400980128582     
  0.29104819829900830     
  0.29171237454382659     
  0.29283265627352845     
  0.29311063624203648     
  0.29387789826247840     
  0.29480986063754316     
  0.29536671815680882     
  0.29664067192806676     
  0.29795340543747939     
  0.29876218718574482     
  0.29905571420052185     
  0.29962775955406468     
  0.30073864290986058     
  0.30142143116323095     
  0.30201155952370229     
  0.30306826688007521     
  0.30530326080000780     
  0.30605193795608976     
  0.30718704403692276     
  0.30891128194927669     
  0.30919718949814101     
  0.31037509219289666     
  0.31100166263609547     
  0.31328332747527271     
  0.31358954609730927     
  0.31546054056516604     
  0.31570850571616621     
  0.31695046234807495     
  0.31823356670087705     
  0.31919439252460508     
  0.31943242735596777     
  0.32054892672668078     
  0.32320050425168750     
  0.32388106761592611     
  0.32563899218804887     
  0.32657304388445457     
  0.32948584736032871     
  0.33066798706624329     
  0.33202064254079577     
  0.33562736466864146     
  0.33691878051268148     
  0.33911155201628579     
  0.34047507465241655     
  0.34218640155320174     
  0.34457700362781901     
  0.34502813919263253     
  0.34774334689734593     
  0.35113220844764248     
  0.35623408096938441     
  0.36579639250675500     
  0.36775158359839144     
  0.36852362427903573     
  0.37606890484943412     
  0.38181651223389479     
  0.39213897639951811     
  0.39585981036041346     
  0.40016018508621676     
  0.40547446562139722     
  0.41939552669971736     
  0.46309912683134113     
